1 0 0 0 0 1 0 0 0 0 1 0
0.999997 -0.0010615 -0.00200598 0.0186338 0.00106007 0.999999 -0.000718108 -0.0203197 0.00200674 0.00071598 0.999998 0.584877
0.999995 -0.00121394 -0.00283083 0.00874662 0.00120752 0.999997 -0.00226812 -0.0346132 0.00283358 0.00226469 0.999993 1.1599
0.999992 -0.00187914 -0.00338854 -0.0524594 0.00186639 0.999991 -0.00376156 -0.0481263 0.00339558 0.0037552 0.999987 1.70865
0.999981 -0.00343123 -0.00504221 -0.0626766 0.00340396 0.99998 -0.00540812 -0.0652863 0.00506066 0.00539086 0.999973 2.28885
0.999965 -0.0053797 -0.00641292 -0.071747 0.00532537 0.99995 -0.00845805 -0.0606314 0.0064581 0.0084236 0.999944 2.86155
0.999948 -0.00608605 -0.00823397 -0.074231 0.00600335 0.999932 -0.0100313 -0.0585419 0.00829446 0.00998135 0.999916 3.46295
0.999936 -0.00563928 -0.00975833 -0.0808542 0.00554923 0.999942 -0.00923109 -0.0793994 0.00980982 0.00917636 0.99991 4.06007
0.999924 -0.006216 -0.0106129 -0.105214 0.00611136 0.999933 -0.00986341 -0.0898776 0.0106735 0.00979781 0.999895 4.65731
0.999918 -0.00566618 -0.0115025 -0.131856 0.00551896 0.999903 -0.0127911 -0.0999159 0.0115739 0.0127266 0.999852 5.27941
0.999902 -0.00505872 -0.0130315 -0.145479 0.00483756 0.999845 -0.016947 -0.0973588 0.0131153 0.0168823 0.999771 5.89481
0.99989 -0.00305772 -0.014498 -0.152898 0.00276045 0.999786 -0.0204804 -0.124451 0.0145575 0.0204381 0.999685 6.51845
0.999887 -0.00100143 -0.0150027 -0.182104 0.000689463 0.999784 -0.0207848 -0.133275 0.0150202 0.0207721 0.999671 7.1587
0.99986 0.00128646 -0.0167114 -0.176523 -0.00151322 0.999907 -0.0135633 -0.154514 0.0166924 0.0135867 0.999768 7.81663
0.999836 0.00232567 -0.0179373 -0.178476 -0.00237453 0.999994 -0.00270306 -0.1789 0.0179309 0.00274521 0.999835 8.48415
0.999816 0.00415622 -0.0187273 -0.19421 -0.00408269 0.999984 0.0039625 -0.200311 0.0187435 -0.00388531 0.999817 9.17412
0.99979 0.00620561 -0.0195431 -0.22951 -0.00615089 0.999977 0.00285896 -0.212137 0.0195603 -0.00273815 0.999805 9.86497
0.999758 0.00821482 -0.0204074 -0.266785 -0.00830739 0.999956 -0.00445541 -0.221484 0.0203699 0.00462387 0.999782 10.5839
0.999734 0.0083083 -0.0215181 -0.290731 -0.0085347 0.999909 -0.0104513 -0.2282 0.0214293 0.0106321 0.999714 11.2808
0.999729 0.0064104 -0.0224 -0.318605 -0.00661044 0.999939 -0.00886761 -0.239262 0.0223417 0.00901328 0.99971 12.0285
0.999722 0.00606595 -0.0227922 -0.337239 -0.00606366 0.999982 0.000169277 -0.251067 0.0227928 -3.1025e-05 0.99974 12.7978
0.999718 0.00554235 -0.0230855 -0.360162 -0.00537211 0.999958 0.00742982 -0.253577 0.0231257 -0.00730371 0.999706 13.5714
0.999707 0.00403514 -0.0238541 -0.377979 -0.00379673 0.999942 0.0100314 -0.25839 0.0238932 -0.00993786 0.999665 14.3795
0.999704 0.0030681 -0.0241556 -0.381273 -0.00284801 0.999954 0.00914027 -0.261118 0.0241826 -0.00906876 0.999666 15.1241
0.99971 0.00360477 -0.0238195 -0.396249 -0.00344333 0.999971 0.00681512 -0.268512 0.0238434 -0.00673113 0.999693 15.9453
0.999704 0.00676844 -0.0233787 -0.421651 -0.00669616 0.999973 0.00316869 -0.270642 0.0233996 -0.0030112 0.999722 16.7943
0.99974 0.00305058 -0.0226158 -0.44357 -0.00310447 0.999992 -0.00234841 -0.276306 0.0226084 0.002418 0.999741 17.6524
0.999762 0.000175584 -0.0218113 -0.465047 -0.000366913 0.999961 -0.00876833 -0.285838 0.0218089 0.00877424 0.999724 18.5277
0.999788 0.00281512 -0.0203832 -0.497317 -0.00309726 0.9999 -0.0138239 -0.316603 0.0203422 0.0138841 0.999697 19.4008
0.999784 0.00364521 -0.0204522 -0.511533 -0.00394325 0.999886 -0.0145515 -0.333834 0.0203968 0.014629 0.999685 20.3255
0.999781 0.00422265 -0.0204876 -0.540286 -0.00451395 0.999889 -0.0141927 -0.356246 0.0204254 0.014282 0.999689 21.2537
0.999774 0.00534273 -0.0205537 -0.571675 -0.00566178 0.999864 -0.015496 -0.383 0.0204682 0.0156088 0.999669 22.2067
0.999758 0.00881447 -0.0201477 -0.612783 -0.0091688 0.999804 -0.0175624 -0.412915 0.0199889 0.0177429 0.999643 23.1747
0.999718 0.0117512 -0.0206507 -0.628172 -0.0121254 0.999763 -0.0180899 -0.45277 0.0204333 0.0183352 0.999623 24.1381
0.999701 0.0133744 -0.0204614 -0.660699 -0.013741 0.999746 -0.0178815 -0.483127 0.020217 0.0181573 0.999631 25.1142
0.999677 0.0144421 -0.0209106 -0.693764 -0.0148165 0.999731 -0.0178593 -0.517027 0.0206471 0.0181634 0.999622 26.1051
0.999672 0.0144129 -0.0211612 -0.720595 -0.0147883 0.999734 -0.0176891 -0.545623 0.0209006 0.0179963 0.99962 27.0923
0.999649 0.0151129 -0.0217454 -0.738874 -0.0154767 0.999741 -0.0166599 -0.573178 0.021488 0.0169906 0.999625 28.1005
0.99963 0.0157223 -0.0221861 -0.763706 -0.0160507 0.999763 -0.0147002 -0.607035 0.0219498 0.0150509 0.999646 29.1146
0.999616 0.0162546 -0.0224581 -0.801148 -0.0165589 0.999773 -0.0134277 -0.635919 0.0222347 0.0137944 0.999658 30.1192
0.999596 0.0172535 -0.0225705 -0.835549 -0.0175871 0.999738 -0.0146695 -0.658578 0.0223114 0.0150605 0.999638 31.1337
0.999575 0.0184532 -0.0225629 -0.879865 -0.0188047 0.999703 -0.0154696 -0.691534 0.0222708 0.0158873 0.999626 32.1656
0.999552 0.0185856 -0.0234428 -0.898102 -0.018937 0.99971 -0.0148591 -0.715465 0.0231598 0.0152964 0.999615 33.2096
0.999561 0.0178431 -0.0236619 -0.929035 -0.0181364 0.999761 -0.0122398 -0.744421 0.0234379 0.0126635 0.999645 34.2534
0.999558 0.0174338 -0.0240885 -0.960549 -0.0176332 0.999812 -0.00809007 -0.78121 0.0239429 0.00851125 0.999677 35.2928
0.999564 0.0163736 -0.0245845 -0.989347 -0.0165171 0.999848 -0.00564649 -0.811838 0.0244883 0.00605009 0.999682 36.3375
0.999555 0.0164405 -0.0248961 -1.02529 -0.0165782 0.999848 -0.00533776 -0.834443 0.0248046 0.00574812 0.999676 37.4248
0.99956 0.0156427 -0.0252197 -1.0696 -0.0158146 0.999853 -0.00663209 -0.862026 0.0251123 0.00702801 0.99966 38.5031
0.999531 0.0161554 -0.0260339 -1.10953 -0.0163428 0.999842 -0.00700052 -0.893061 0.0259167 0.0074227 0.999637 39.5895
0.999526 0.0152106 -0.0267754 -1.15001 -0.0153713 0.999865 -0.00580667 -0.918287 0.0266835 0.00621548 0.999625 40.6909
0.999494 0.0155593 -0.0277448 -1.18288 -0.0156657 0.999871 -0.00362018 -0.946993 0.0276849 0.00405299 0.999608 41.7985
0.999486 0.0153302 -0.0281439 -1.22918 -0.0153651 0.999881 -0.00102724 -0.971174 0.0281248 0.00145915 0.999603 42.8901
0.999454 0.0164826 -0.0286415 -1.27249 -0.0165196 0.999863 -0.00105598 -0.994982 0.0286201 0.00152855 0.999589 43.9736
0.999418 0.0185765 -0.0286119 -1.32016 -0.0187283 0.999812 -0.0050481 -1.01053 0.0285127 0.00558101 0.999578 45.0687
0.9994 0.0197825 -0.0284401 -1.35853 -0.0200567 0.999755 -0.00939021 -1.02809 0.0282473 0.00995499 0.999551 46.1364
0.99938 0.0202735 -0.0287768 -1.39396 -0.020564 0.99974 -0.00983655 -1.05548 0.0285699 0.0104222 0.999537 47.2229
0.999378 0.0209227 -0.0284013 -1.43647 -0.021137 0.99975 -0.00726838 -1.08231 0.0282422 0.00786418 0.99957 48.3115
0.999378 0.0213721 -0.0280454 -1.47149 -0.0215256 0.999755 -0.00518169 -1.10779 0.0279278 0.00578216 0.999593 49.3802
0.999404 0.0200499 -0.0281173 -1.4987 -0.0201728 0.999788 -0.00409365 -1.13354 0.0280293 0.00465841 0.999596 50.4561
0.999408 0.0204703 -0.0276382 -1.53484 -0.0206078 0.999777 -0.00469739 -1.16315 0.0275358 0.00526418 0.999607 51.5489
0.999437 0.019116 -0.0275767 -1.56108 -0.0193013 0.999793 -0.00647125 -1.18825 0.0274473 0.00699988 0.999599 52.6358
0.999444 0.0185949 -0.0276727 -1.58061 -0.0188438 0.999784 -0.0087613 -1.20747 0.0275038 0.00927789 0.999579 53.7172
0.999453 0.0183205 -0.0275288 -1.63965 -0.0186367 0.999763 -0.0112718 -1.24278 0.0273157 0.0117787 0.999557 54.8416
0.999486 0.0166317 -0.0274033 -1.67391 -0.0170408 0.999746 -0.0147631 -1.27248 0.0271508 0.0152225 0.999515 55.9075
0.999507 0.0150154 -0.0275625 -1.70097 -0.0154695 0.999747 -0.0163378 -1.30525 0.0273102 0.0167561 0.999487 56.9963
0.999539 0.0131285 -0.0273746 -1.73929 -0.0135149 0.999811 -0.0139753 -1.34038 0.027186 0.0143389 0.999528 58.083
0.99957 0.0120575 -0.0267466 -1.78841 -0.0122809 0.999891 -0.00820434 -1.36616 0.0266447 0.00852928 0.999609 59.2001
0.999602 0.0103912 -0.0262296 -1.8291 -0.0104584 0.999942 -0.00242566 -1.37909 0.0262029 0.00269901 0.999653 60.3017
0.999639 0.007543 -0.0257815 -1.88924 -0.00758976 0.99997 -0.00171656 -1.40089 0.0257677 0.00191162 0.999666 61.4273
0.999653 0.00479384 -0.0259142 -1.9009 -0.00491995 0.999976 -0.00480466 -1.42427 0.0258905 0.00493048 0.999653 62.5092
0.999657 0.00288707 -0.0260417 -1.94634 -0.00309491 0.999964 -0.00794432 -1.45124 0.0260178 0.00802219 0.999629 63.61
0.999653 0.00494951 -0.0258563 -1.99982 -0.00525713 0.999916 -0.0118432 -1.48195 0.0257956 0.0119751 0.999596 64.7378
0.999666 0.0056921 -0.0252155 -2.05672 -0.00610349 0.999849 -0.0162679 -1.49854 0.0251191 0.0164164 0.99955 65.8513
0.999656 0.00821924 -0.0249237 -2.08873 -0.0086398 0.999821 -0.0168134 -1.54035 0.0247811 0.0170229 0.999548 67.0066
0.999632 0.0123713 -0.0241586 -2.11604 -0.0126932 0.999832 -0.0132175 -1.57611 0.023991 0.0135193 0.999621 68.0923
0.999624 0.0138479 -0.0236846 -2.16737 -0.0141205 0.999836 -0.0113788 -1.60239 0.0235231 0.0117089 0.999655 69.2118
0.999641 0.0132818 -0.0232482 -2.22309 -0.0135273 0.999854 -0.010432 -1.645 0.0231063 0.0107428 0.999675 70.3539
0.999677 0.0107035 -0.0230506 -2.26353 -0.0109219 0.999896 -0.00936866 -1.68268 0.0229479 0.00961739 0.99969 71.4535
0.999702 0.00869858 -0.0228079 -2.31831 -0.00888574 0.999928 -0.00811747 -1.70742 0.0227356 0.00831771 0.999707 72.5574
0.999698 0.00762076 -0.0233476 -2.3346 -0.00776161 0.999952 -0.00594779 -1.73391 0.0233011 0.00612721 0.99971 73.6449
0.999699 0.00621129 -0.023729 -2.38538 -0.00631481 0.999971 -0.00429023 -1.76267 0.0237017 0.00443879 0.999709 74.7642
0.999702 0.00545424 -0.0237825 -2.44068 -0.00558663 0.999969 -0.0055038 -1.79021 0.0237518 0.00563503 0.999702 75.8509
0.999694 0.00590245 -0.0240264 -2.49821 -0.00612528 0.999939 -0.00921115 -1.81987 0.0239706 0.0093555 0.999669 76.9297
0.999673 0.00658733 -0.0247224 -2.52712 -0.0068638 0.999915 -0.0111145 -1.86078 0.0246471 0.0112806 0.999633 77.9991
0.999639 0.00871892 -0.0254114 -2.56673 -0.0089606 0.999916 -0.00941239 -1.89059 0.0253272 0.00963669 0.999633 79.0694
0.999609 0.0104842 -0.0259185 -2.59834 -0.0106221 0.99993 -0.00518926 -1.91691 0.0258623 0.00546254 0.999651 80.1968
0.999574 0.012588 -0.0263199 -2.6411 -0.0126264 0.999919 -0.00129128 -1.94263 0.0263015 0.00162305 0.999653 81.2647
0.999559 0.0138401 -0.0262718 -2.70389 -0.013858 0.999904 -0.000498913 -1.96295 0.0262624 0.000862766 0.999655 82.3409
0.999553 0.0136812 -0.0265666 -2.75345 -0.0137524 0.999902 -0.00249819 -1.98958 0.0265299 0.00286243 0.999644 83.4252
0.999549 0.0128099 -0.0271788 -2.80123 -0.0128986 0.999912 -0.0030902 -2.0172 0.0271369 0.00343937 0.999626 84.4806
0.999568 0.0103572 -0.0275103 -2.85945 -0.0104535 0.99994 -0.00335782 -2.02539 0.0274739 0.00364395 0.999616 85.4985
0.99957 0.00799874 -0.0281957 -2.9146 -0.00808464 0.999963 -0.0029339 -2.05176 0.0281712 0.00316059 0.999598 86.5107
0.999547 0.00688968 -0.0293113 -2.94315 -0.00694138 0.999975 -0.00166255 -2.0745 0.0292991 0.00186526 0.999569 87.547
0.999534 0.00697485 -0.0297149 -2.98326 -0.00694284 0.999975 0.00118004 -2.09912 0.0297224 -0.000973187 0.999558 88.5611
0.999524 0.00621816 -0.0302117 -3.02824 -0.00615638 0.999979 0.00213736 -2.11621 0.0302244 -0.00195034 0.999541 89.526
0.999471 0.00475889 -0.0321621 -3.07814 -0.00467932 0.999986 0.00254902 -2.13903 0.0321737 -0.00239718 0.999479 90.4847
0.999363 0.00295235 -0.0355781 -3.10865 -0.00289853 0.999995 0.00156415 -2.16133 0.0355825 -0.00146003 0.999366 91.4286
0.999254 0.00207016 -0.0385638 -3.15765 -0.002042 0.999998 0.000769708 -2.18465 0.0385653 -0.000690386 0.999256 92.3437
0.999139 0.00247273 -0.0414216 -3.20146 -0.00243799 0.999997 0.000889167 -2.19995 0.0414237 -0.000787415 0.999141 93.2399
0.999003 0.00345785 -0.0445023 -3.25116 -0.0033613 0.999992 0.00224424 -2.22792 0.0445097 -0.00209242 0.999007 94.1009
0.998858 0.00440399 -0.0475759 -3.30243 -0.00424672 0.999985 0.00340611 -2.25256 0.0475902 -0.00320018 0.998862 94.9346
0.998698 0.00579795 -0.0506912 -3.34784 -0.00554929 0.999972 0.00504478 -2.27906 0.050719 -0.00475691 0.998702 95.7647
0.998533 0.00768762 -0.0535989 -3.38677 -0.00738798 0.999956 0.00578623 -2.29334 0.053641 -0.00538175 0.998546 96.5437
0.998385 0.00937329 -0.0560376 -3.45727 -0.00902621 0.999939 0.00644355 -2.32345 0.0560946 -0.00592733 0.998408 97.3416
0.998219 0.0109212 -0.0586545 -3.51507 -0.0106328 0.99993 0.00522617 -2.34372 0.0587075 -0.0045932 0.998265 98.086
0.998062 0.0126871 -0.0609251 -3.56879 -0.0126339 0.999919 0.00125936 -2.35603 0.0609362 -0.000487195 0.998142 98.78
0.997872 0.0148749 -0.0634811 -3.62596 -0.0150467 0.999884 -0.00223023 -2.38044 0.0634406 0.00318067 0.997981 99.452
0.997721 0.0164835 -0.0654297 -3.68761 -0.0168287 0.999847 -0.00472914 -2.39854 0.0653417 0.00581946 0.997846 100.091
0.997627 0.0183481 -0.0663678 -3.73469 -0.0187538 0.999809 -0.00549557 -2.42017 0.0662542 0.00672718 0.99778 100.703
0.997665 0.0211292 -0.0649483 -3.79323 -0.0215114 0.999755 -0.00519146 -2.43606 0.0648227 0.00657647 0.997875 101.275
0.997758 0.0245928 -0.0622387 -3.82597 -0.0248593 0.999685 -0.00350962 -2.46308 0.0621328 0.00504896 0.998055 101.838
0.997996 0.0274578 -0.0570111 -3.85857 -0.0276156 0.999617 -0.00198061 -2.48204 0.0569349 0.00355104 0.998372 102.382
0.998359 0.0285839 -0.0496236 -3.88417 -0.0286186 0.99959 1.01849e-05 -2.49545 0.0496036 0.00140999 0.998768 102.89
0.998772 0.0288902 -0.0402485 -3.88595 -0.0288126 0.999582 0.00250548 -2.50816 0.0403041 -0.00134273 0.999187 103.4
0.999188 0.0288525 -0.0281343 -3.89947 -0.0287606 0.99958 0.00366567 -2.52176 0.0282283 -0.00285353 0.999597 103.883
0.999509 0.0278652 -0.014361 -3.90619 -0.0278125 0.999606 0.00386214 -2.53567 0.014463 -0.00346083 0.999889 104.347
0.999624 0.0274165 0.000685974 -3.89788 -0.0274185 0.999619 0.00307701 -2.55119 -0.000601352 -0.00309466 0.999995 104.785
0.999483 0.026129 0.0187357 -3.87961 -0.0261338 0.999658 1.08642e-05 -2.5611 -0.018729 -0.000500495 0.999824 105.216
0.998884 0.0251544 0.0399631 -3.85269 -0.0249785 0.999676 -0.00489541 -2.56722 -0.0400733 0.00389173 0.999189 105.632
0.997652 0.0228368 0.0645638 -3.81626 -0.0222442 0.999704 -0.00988255 -2.57277 -0.0647704 0.00842318 0.997865 106.036
0.995591 0.0213815 0.0913342 -3.7535 -0.0202511 0.999707 -0.0132863 -2.56981 -0.0915915 0.0113781 0.995732 106.422
0.992407 0.0196528 0.121419 -3.67956 -0.0179716 0.999727 -0.0149266 -2.58183 -0.121679 0.0126311 0.992489 106.826
0.987959 0.0175522 0.153719 -3.58663 -0.0151143 0.999741 -0.0170138 -2.59489 -0.153978 0.0144856 0.987968 107.212
0.98182 0.0156505 0.189169 -3.47102 -0.0123061 0.999747 -0.0188415 -2.61067 -0.189416 0.0161711 0.981764 107.6
0.973673 0.0123211 0.227616 -3.35601 -0.00819123 0.999784 -0.0190798 -2.63196 -0.227802 0.016713 0.973564 107.958
0.963346 0.00874733 0.268119 -3.25962 -0.00366603 0.999804 -0.0194465 -2.65668 -0.268236 0.0177507 0.96319 108.263
0.950697 0.0092644 0.309982 -3.13265 -0.00306847 0.999786 -0.0204697 -2.67237 -0.310105 0.0185093 0.950522 108.595
0.934867 0.0129007 0.354764 -2.99114 -0.00549425 0.999746 -0.0218765 -2.67669 -0.354956 0.0185024 0.9347 108.918
0.91647 0.0127164 0.399902 -2.81639 -0.00491178 0.999777 -0.0205353 -2.69586 -0.400074 0.0168557 0.916328 109.26
0.89568 0.0112557 0.444556 -2.64874 -0.00319669 0.999817 -0.0188738 -2.71143 -0.444687 0.0154838 0.895552 109.542
0.871809 0.00967213 0.489751 -2.4588 -0.000280396 0.999815 -0.0192463 -2.72697 -0.489846 0.0166418 0.87165 109.829
0.845778 0.00994924 0.533443 -2.24894 0.00166726 0.999772 -0.0212902 -2.74501 -0.533533 0.0188962 0.845568 110.118
0.817441 0.0121295 0.575885 -2.02195 0.00202098 0.999712 -0.0239249 -2.77243 -0.576009 0.020721 0.817181 110.389
0.785485 0.0169318 0.618649 -1.79305 0.000824337 0.999596 -0.0284046 -2.78572 -0.61888 0.0228214 0.785154 110.657
0.750399 0.0226559 0.660597 -1.53965 -0.00216266 0.999491 -0.031822 -2.80309 -0.660982 0.0224506 0.750066 110.927
0.713564 0.0276104 0.700046 -1.24793 -0.00438342 0.99938 -0.0349483 -2.81333 -0.700576 0.0218693 0.713242 111.175
0.672915 0.0285068 0.73917 -0.953983 -0.000851888 0.999286 -0.037763 -2.81053 -0.739719 0.0247816 0.67246 111.416
0.630099 0.0266018 0.776059 -0.649805 0.00481259 0.99926 -0.0381601 -2.80724 -0.7765 0.0277795 0.629504 111.629
0.58202 0.024798 0.812797 -0.339811 0.00734142 0.999334 -0.0357461 -2.81355 -0.813142 0.026772 0.58145 111.85
0.536228 0.025164 0.843698 0.011141 0.00826328 0.999351 -0.0350584 -2.8166 -0.844033 0.025771 0.535672 112.021
0.488596 0.0215339 0.872244 0.387609 0.0116167 0.999446 -0.0311814 -2.83164 -0.872433 0.0253677 0.488076 112.186
0.438922 0.015762 0.898387 0.766158 0.0165969 0.999533 -0.0256453 -2.84953 -0.898372 0.0261667 0.438456 112.315
0.385678 0.0174362 0.922469 1.15509 0.0142003 0.999591 -0.024831 -2.85161 -0.922524 0.0226761 0.385273 112.464
0.33155 0.0293715 0.94298 1.55097 0.00635599 0.999423 -0.0333643 -2.82623 -0.943416 0.0170555 0.331172 112.614
0.278726 0.0339398 0.959771 1.97014 0.00871562 0.999245 -0.0378668 -2.83606 -0.960331 0.0189195 0.27822 112.736
0.229972 0.0374083 0.972478 2.36926 0.0114717 0.999087 -0.0411447 -2.83872 -0.97313 0.0206181 0.229333 112.81
0.186927 0.0342881 0.981775 2.75687 0.0196545 0.99906 -0.038634 -2.88993 -0.982177 0.026518 0.186078 112.851
0.156212 0.0358348 0.987073 3.15685 0.030918 0.998675 -0.041149 -2.87516 -0.987239 0.0369463 0.154898 112.804
0.128237 0.0374754 0.991035 3.57353 0.0335746 0.998549 -0.042104 -2.89484 -0.991175 0.0386729 0.126793 112.774
0.0998491 0.0362982 0.99434 4.06058 0.0328385 0.99867 -0.0397538 -2.91083 -0.994461 0.036622 0.0985243 112.821
0.0886019 0.0300735 0.995613 4.47028 0.031343 0.998965 -0.032964 -2.93524 -0.995574 0.0341262 0.0875676 112.63
0.0657268 0.026992 0.997473 4.94971 0.0259863 0.999249 -0.0287524 -2.96246 -0.997499 0.0278104 0.064976 112.63
0.0575166 0.024753 0.998038 5.30378 0.0314195 0.999153 -0.0265913 -2.99294 -0.99785 0.0328873 0.0566901 112.381
0.0526005 0.022239 0.998368 5.649 0.0332217 0.99916 -0.024007 -3.06499 -0.998063 0.0344303 0.0518175 112.069
0.034656 0.0243174 0.999103 6.21164 0.0378293 0.998956 -0.025626 -3.09366 -0.998683 0.0386835 0.0336999 112.075
0.0212602 0.0293809 0.999342 6.79629 0.0384714 0.998804 -0.0301836 -3.11454 -0.999034 0.0390878 0.0201044 112.075
0.00996733 0.033955 0.999374 7.39418 0.0349494 0.998801 -0.0342841 -3.13341 -0.999339 0.0352692 0.00876867 112.088
0.0030749 0.0336172 0.99943 8.01642 0.0376713 0.998721 -0.0337093 -3.15701 -0.999285 0.0377535 0.00180456 112.104
5.64923e-05 0.0302206 0.999543 8.6508 0.0428893 0.998623 -0.0301952 -3.19028 -0.99908 0.0428714 -0.00123972 112.101
0.00114664 0.0286518 0.999589 9.28285 0.0444656 0.998599 -0.0286744 -3.21078 -0.99901 0.0444802 -0.000128988 112.086
0.00276925 0.0283736 0.999594 9.97222 0.0425732 0.998688 -0.0284658 -3.23951 -0.99909 0.0426347 0.00155767 112.102
0.00431497 0.0289799 0.999571 10.6872 0.040886 0.998739 -0.0291323 -3.24929 -0.999155 0.0409941 0.00312465 112.125
0.00550675 0.0301977 0.999529 11.4237 0.0407983 0.998705 -0.0303976 -3.26939 -0.999152 0.0409464 0.0042676 112.147
0.00639016 0.0312821 0.99949 12.1491 0.0396945 0.998715 -0.0315116 -3.29725 -0.999191 0.0398756 0.00514022 112.156
0.00663825 0.0310169 0.999497 12.9006 0.0382846 0.998778 -0.0312489 -3.33446 -0.999245 0.0384728 0.00544267 112.177
0.00821409 0.0300908 0.999513 13.6534 0.0371476 0.998848 -0.030376 -3.35417 -0.999276 0.0373791 0.00708683 112.171
0.00866364 0.0288006 0.999548 14.4256 0.0375905 0.998869 -0.0291069 -3.39464 -0.999256 0.0378257 0.00757121 112.181
0.00714122 0.0261627 0.999632 15.1811 0.0389128 0.998893 -0.0264213 -3.42868 -0.999217 0.0390872 0.00611525 112.197
0.00601705 0.0247263 0.999676 16.019 0.0373368 0.998992 -0.0249341 -3.45188 -0.999285 0.0374747 0.00508778 112.221
0.00456731 0.023776 0.999707 16.7736 0.0363031 0.999054 -0.0239264 -3.48555 -0.99933 0.0364017 0.00369985 112.228
0.00319119 0.0216799 0.99976 17.6073 0.0383214 0.999028 -0.0217864 -3.5103 -0.99926 0.0383818 0.00235728 112.24
0.00205654 0.0201734 0.999794 18.4379 0.0394141 0.999018 -0.0202388 -3.53953 -0.999221 0.0394476 0.00125941 112.242
-0.000593028 0.0194147 0.999811 19.2888 0.0362379 0.999155 -0.0193805 -3.57421 -0.999343 0.0362196 -0.00129608 112.273
-0.00164969 0.0246683 0.999694 20.0861 0.0327368 0.999161 -0.0246011 -3.59961 -0.999463 0.0326862 -0.00245587 112.275
-0.00247751 0.02943 0.999564 20.9296 0.0338774 0.998996 -0.0293293 -3.63297 -0.999423 0.0337899 -0.00347204 112.272
-0.00455241 0.0316537 0.999489 21.7903 0.0332886 0.99895 -0.031485 -3.66533 -0.999435 0.0331283 -0.00560134 112.295
-0.00714349 0.0290856 0.999551 22.6598 0.0299438 0.999135 -0.0288595 -3.70911 -0.999526 0.0297242 -0.00800825 112.323
-0.00891908 0.0247223 0.999655 23.5589 0.0281974 0.999303 -0.0244621 -3.74154 -0.999563 0.0279695 -0.00960997 112.35
-0.00969623 0.0194357 0.999764 24.4217 0.0257131 0.999485 -0.0191809 -3.78006 -0.999622 0.0255211 -0.010191 112.36
-0.0101839 0.0141108 0.999849 25.2818 0.0217959 0.999666 -0.0138863 -3.80518 -0.999711 0.0216512 -0.0104881 112.365
-0.0101607 0.0130133 0.999864 26.1231 0.0191662 0.999734 -0.0128168 -3.83438 -0.999765 0.0190334 -0.0104074 112.369
-0.00985298 0.0198087 0.999755 26.9654 0.0218216 0.99957 -0.0195899 -3.87153 -0.999713 0.0216232 -0.010281 112.372
-0.00903052 0.0310556 0.999477 27.7926 0.0252562 0.999206 -0.0308189 -3.89655 -0.99964 0.0249647 -0.00980769 112.368
-0.00773041 0.036598 0.9993 28.6414 0.0272481 0.998967 -0.036375 -3.92291 -0.999599 0.0269478 -0.00871965 112.359
-0.00712652 0.0311002 0.999491 29.484 0.0286025 0.999114 -0.0308846 -3.96185 -0.999565 0.0283679 -0.00800975 112.363
-0.00522994 0.0230359 0.999721 30.3105 0.0305302 0.999272 -0.0228659 -4.00762 -0.99952 0.0304021 -0.00592943 112.337
-0.00475317 0.0200373 0.999788 31.148 0.0309321 0.999324 -0.0198809 -4.04533 -0.99951 0.030831 -0.00536975 112.337
-0.00463325 0.0206219 0.999777 31.9444 0.0305054 0.999325 -0.0204713 -4.0752 -0.999524 0.0304038 -0.00525921 112.331
-0.00560078 0.0216851 0.999749 32.7546 0.0268199 0.999408 -0.0215274 -4.10927 -0.999625 0.0266926 -0.00617906 112.33
-0.00779306 0.0213116 0.999743 33.5779 0.0244089 0.999479 -0.0211157 -4.14318 -0.999672 0.0242381 -0.0083092 112.34
-0.00987246 0.0211817 0.999727 34.3926 0.0239907 0.999493 -0.0209398 -4.17606 -0.999663 0.0237774 -0.0103756 112.337
-0.0119544 0.0207009 0.999714 35.1649 0.0203819 0.999583 -0.0204545 -4.22572 -0.999721 0.0201316 -0.0123714 112.326
-0.0139553 0.0208385 0.999685 35.9311 0.0178665 0.999628 -0.0205879 -4.26286 -0.999743 0.0175736 -0.0143224 112.309
-0.0163216 0.0200273 0.999666 36.7423 0.0154053 0.999686 -0.0197762 -4.29518 -0.999748 0.0150774 -0.016625 112.31
-0.0187229 0.0190388 0.999643 37.552 0.0157152 0.999701 -0.0187456 -4.32571 -0.999701 0.0153586 -0.0190165 112.308
-0.0205151 0.0189256 0.99961 38.3337 0.0154373 0.999708 -0.0186106 -4.35826 -0.99967 0.0150495 -0.0208012 112.294
-0.0219812 0.0193734 0.999571 39.09 0.0134979 0.999727 -0.0190796 -4.39778 -0.999667 0.0130727 -0.0222367 112.27
-0.0229174 0.0189097 0.999559 39.8586 0.012572 0.999747 -0.018625 -4.4371 -0.999658 0.0121396 -0.0231494 112.254
-0.023918 0.0174878 0.999561 40.6387 0.0141813 0.999752 -0.0171518 -4.4699 -0.999613 0.0137648 -0.02416 112.234
-0.0255742 0.0164283 0.999538 41.4282 0.0136086 0.999778 -0.016084 -4.50737 -0.99958 0.013191 -0.0257921 112.226
-0.0273999 0.0161898 0.999493 42.1912 0.0118574 0.999804 -0.0158698 -4.5372 -0.999554 0.0114166 -0.0275864 112.222
-0.0286802 0.0153677 0.999471 42.9297 0.00930702 0.999843 -0.0151063 -4.56323 -0.999545 0.00886884 -0.0288187 112.205
-0.0302426 0.014351 0.99944 43.6638 0.00793003 0.999869 -0.0141172 -4.58804 -0.999511 0.00749865 -0.0303524 112.195
-0.0307416 0.0140165 0.999429 44.3769 0.00834285 0.99987 -0.0137661 -4.61482 -0.999493 0.0079149 -0.0308545 112.179
-0.0306307 0.0166169 0.999393 45.0794 0.00946334 0.999822 -0.016334 -4.63798 -0.999486 0.00895727 -0.0307825 112.158
-0.0309667 0.0194379 0.999331 45.7769 0.00926869 0.999773 -0.0191593 -4.66414 -0.999477 0.0086692 -0.0311399 112.141
-0.0311768 0.0214214 0.999284 46.4832 0.00826655 0.999742 -0.0211733 -4.68602 -0.99948 0.00760052 -0.0313458 112.131
-0.0311574 0.0222634 0.999267 47.178 0.00875465 0.99972 -0.0220006 -4.71435 -0.999476 0.00806275 -0.0313435 112.109
-0.0313206 0.0216889 0.999274 47.8658 0.00893326 0.999731 -0.0214188 -4.74892 -0.999469 0.00825592 -0.0315059 112.087
-0.0315326 0.0209825 0.999282 48.5598 0.00919363 0.999743 -0.0207021 -4.77912 -0.99946 0.00853424 -0.0317175 112.071
-0.0313846 0.0213638 0.999279 49.2301 0.00619007 0.999757 -0.0211796 -4.79892 -0.999488 0.00552089 -0.0315092 112.049
-0.0308822 0.0219168 0.999283 49.8849 0.00501698 0.99975 -0.021772 -4.81937 -0.99951 0.00434101 -0.0309844 112.029
-0.0313121 0.0204914 0.9993 50.5709 0.00612226 0.999775 -0.0203093 -4.84839 -0.999491 0.00548205 -0.0314305 112.015
-0.0318173 0.0199451 0.999295 51.2543 0.00739748 0.999778 -0.0197193 -4.86958 -0.999466 0.00676485 -0.0319578 111.992
-0.035499 0.0196013 0.999177 51.9233 0.00502494 0.999798 -0.019435 -4.89627 -0.999357 0.00433089 -0.0355904 111.976
-0.0407614 0.0194784 0.998979 52.6292 0.00182475 0.99981 -0.0194201 -4.91925 -0.999167 0.0010313 -0.0407892 111.958
-0.0465743 0.0233106 0.998643 53.3042 0.00491197 0.999721 -0.0231066 -4.94802 -0.998903 0.00382913 -0.0466758 111.926
-0.0527702 0.0257451 0.998275 53.964 0.00694088 0.999653 -0.0254137 -4.97683 -0.998583 0.00558782 -0.0529306 111.881
-0.0599631 0.0274777 0.997822 54.6442 0.00631447 0.999611 -0.0271476 -5.0044 -0.998181 0.00467287 -0.0601133 111.843
-0.0664848 0.0269956 0.997422 55.3413 0.00289322 0.999635 -0.0268626 -5.0291 -0.997783 0.00109981 -0.0665386 111.81
-0.0719893 0.0258938 0.997069 56.0193 0.00218379 0.999665 -0.0258035 -5.05634 -0.997403 0.000319814 -0.0720217 111.762
-0.0765979 0.0265258 0.996709 56.7087 -0.000271545 0.999645 -0.0266249 -5.0836 -0.997062 -0.00231006 -0.0765636 111.713
-0.080775 0.0259941 0.996393 57.4222 -0.00231334 0.999652 -0.0262667 -5.1116 -0.99673 -0.00442669 -0.0806868 111.672
-0.0836569 0.0223077 0.996245 58.1335 -0.00224624 0.999743 -0.0225746 -5.14361 -0.996492 -0.00412632 -0.0835853 111.62
-0.0855905 0.019162 0.996146 58.8378 -9.62484e-05 0.999815 -0.0192409 -5.17203 -0.99633 -0.00174271 -0.0855728 111.566
-0.0871803 0.0164891 0.996056 59.5645 0.000907071 0.999864 -0.0164727 -5.20195 -0.996192 -0.000532605 -0.0871834 111.511
-0.0886745 0.0162846 0.995928 60.2951 -0.000182809 0.999866 -0.0163652 -5.22504 -0.996061 -0.00163324 -0.0886596 111.454
-0.0890287 0.02022 0.995824 61.0219 0.00175487 0.999796 -0.0201438 -5.24809 -0.996028 -4.58335e-05 -0.089046 111.391
-0.0892592 0.0242483 0.995713 61.7652 0.00791477 0.999689 -0.0236356 -5.2753 -0.995977 0.00577115 -0.0894233 111.325
-0.0898031 0.029221 0.995531 62.5167 0.0156222 0.999488 -0.0279279 -5.30297 -0.995837 0.0130444 -0.0902136 111.25
-0.090848 0.0307003 0.995391 63.2705 0.016252 0.999437 -0.0293418 -5.3292 -0.995732 0.0135115 -0.0912958 111.189
-0.0908357 0.0285988 0.995455 64.0264 0.0143441 0.999521 -0.0274067 -5.35906 -0.995763 0.0117894 -0.0912025 111.126
-0.0905256 0.0236558 0.995613 64.7884 0.0153787 0.999632 -0.022353 -5.39304 -0.995775 0.0132877 -0.090856 111.062
-0.0905945 0.0216434 0.995653 65.5461 0.0181986 0.999633 -0.0200741 -5.42694 -0.995722 0.0163009 -0.0909552 110.995
-0.0911129 0.0213665 0.995611 66.2848 0.0195592 0.999615 -0.0196624 -5.45963 -0.995648 0.0176818 -0.0914958 110.932
-0.092407 0.0220904 0.995476 67.0273 0.0175009 0.999635 -0.0205581 -5.4883 -0.995568 0.015522 -0.0927599 110.866
-0.0946173 0.0225944 0.995257 67.7685 0.0170268 0.999633 -0.021075 -5.52136 -0.995368 0.014952 -0.0949672 110.803
-0.0971758 0.0232645 0.994995 68.5223 0.0192218 0.999584 -0.0214945 -5.5456 -0.995082 0.0170369 -0.0975825 110.738
-0.0993379 0.0234246 0.994778 69.2675 0.0193825 0.999579 -0.0216021 -5.57176 -0.994865 0.0171354 -0.0997501 110.668
-0.10124 0.0228997 0.994598 70.0166 0.0192576 0.999593 -0.0210545 -5.60474 -0.994676 0.017022 -0.101639 110.597
-0.103178 0.0233489 0.994389 70.7915 0.0173191 0.999615 -0.0216745 -5.6292 -0.994512 0.0149856 -0.103543 110.532
-0.104024 0.0246768 0.994269 71.483 0.0166058 0.999596 -0.0230717 -5.65637 -0.994436 0.0141107 -0.104391 110.451
-0.104913 0.025221 0.994162 72.251 0.015348 0.9996 -0.0237393 -5.68462 -0.994363 0.0127678 -0.105258 110.38
-0.106359 0.0255589 0.993999 73.0324 0.0153929 0.999592 -0.0240556 -5.71122 -0.994209 0.012742 -0.106709 110.306
-0.107471 0.0238075 0.993923 73.8074 0.0159094 0.999626 -0.0222239 -5.74501 -0.994081 0.0134243 -0.10781 110.229
-0.108612 0.0214016 0.993854 74.5833 0.0132666 0.99971 -0.0200779 -5.78217 -0.993996 0.0110044 -0.108865 110.15
-0.11048 0.0193644 0.99369 75.3681 0.0105412 0.999777 -0.018311 -5.80925 -0.993822 0.0084517 -0.110659 110.073
-0.112302 0.0189302 0.993494 76.1727 0.012259 0.999769 -0.017664 -5.83445 -0.993598 0.0101955 -0.112508 109.981
-0.113782 0.019615 0.993312 76.9753 0.0131157 0.999748 -0.0182397 -5.86418 -0.993419 0.0109526 -0.11401 109.882
-0.115809 0.0210965 0.993047 77.7522 0.0124336 0.999727 -0.0197884 -5.87843 -0.993194 0.0100555 -0.116039 109.783
-0.117401 0.0245392 0.992781 78.5568 0.0135842 0.999641 -0.0231024 -5.91007 -0.992992 0.0107739 -0.117693 109.69
-0.118057 0.0284134 0.9926 79.3778 0.0155503 0.999521 -0.026762 -5.94397 -0.992885 0.0122758 -0.118443 109.6
-0.119579 0.0330928 0.992273 80.2108 0.0180712 0.999351 -0.0311511 -5.96249 -0.99266 0.0142065 -0.120099 109.522
-0.119652 0.0343579 0.992221 81.0381 0.0190828 0.999296 -0.0323016 -5.99506 -0.992632 0.0150694 -0.120224 109.431
-0.119088 0.0337315 0.992311 81.8537 0.0212092 0.999281 -0.0314231 -6.02852 -0.992657 0.017304 -0.119718 109.322
-0.11876 0.0316781 0.992417 82.6966 0.0212394 0.999343 -0.0293575 -6.07103 -0.992696 0.0175919 -0.119355 109.22
-0.118192 0.0301518 0.992533 83.5366 0.0204183 0.999401 -0.027929 -6.10628 -0.992781 0.0169649 -0.118736 109.131
-0.116238 0.0277045 0.992835 84.3723 0.0185822 0.999497 -0.0257149 -6.14106 -0.993048 0.01546 -0.116695 109.037
-0.114673 0.0237976 0.993118 85.2163 0.0179489 0.999599 -0.0218804 -6.18598 -0.993241 0.0153163 -0.115054 108.948
-0.113638 0.020267 0.993316 86.0765 0.0181327 0.999668 -0.0183221 -6.22123 -0.993357 0.0159294 -0.113968 108.863
-0.111544 0.0206573 0.993545 86.9204 0.0176264 0.999668 -0.0188057 -6.24732 -0.993603 0.0154149 -0.111871 108.772
-0.109927 0.0249694 0.993626 87.755 0.0182164 0.999567 -0.0231034 -6.27549 -0.993773 0.0155606 -0.110334 108.679
-0.107596 0.0313322 0.993701 88.5961 0.0194137 0.999379 -0.0294091 -6.30628 -0.994005 0.0161271 -0.108137 108.58
-0.105723 0.0355313 0.993761 89.4644 0.0194994 0.999243 -0.0336529 -6.32885 -0.994204 0.0158198 -0.106336 108.487
-0.104725 0.0331459 0.993949 90.3261 0.0183427 0.999339 -0.031393 -6.36844 -0.994332 0.0149441 -0.105264 108.41
-0.103062 0.0310134 0.994191 91.2029 0.0195139 0.999384 -0.0291525 -6.40138 -0.994483 0.016396 -0.103604 108.318
-0.101875 0.0296151 0.994356 92.0801 0.0214598 0.99939 -0.0275664 -6.4352 -0.994566 0.0185304 -0.102448 108.216
-0.10057 0.029267 0.994499 92.9631 0.0221162 0.999386 -0.0271743 -6.48142 -0.994684 0.0192616 -0.101155 108.125
-0.100058 0.0297233 0.994538 93.8522 0.0228188 0.999359 -0.0275717 -6.51793 -0.99472 0.0199354 -0.100672 108.041
-0.0992991 0.0279808 0.994664 94.713 0.0256195 0.999345 -0.0255548 -6.55418 -0.994728 0.0229453 -0.099951 107.954
-0.0980462 0.0272869 0.994808 95.5971 0.0291597 0.999274 -0.0245355 -6.59864 -0.994755 0.0266027 -0.0987707 107.875
-0.0966681 0.0284839 0.994909 96.4417 0.0338 0.999108 -0.02532 -6.65107 -0.994743 0.0311803 -0.0975446 107.782
-0.0953704 0.0305166 0.994974 97.288 0.0375456 0.998929 -0.0270391 -6.71577 -0.994734 0.0347782 -0.0964141 107.704
-0.0940616 0.0312919 0.995074 98.1431 0.0361985 0.998953 -0.0279921 -6.79854 -0.994908 0.0333872 -0.0950957 107.627
-0.0940528 0.0274047 0.99519 98.9833 0.0317595 0.999195 -0.0245135 -6.82854 -0.995061 0.0293011 -0.0948474 107.576
-0.0973561 0.0261358 0.994906 100.056 0.0281517 0.999327 -0.0234971 -6.88176 -0.994851 0.0257208 -0.0980264 107.65
-0.0989185 0.0266122 0.99474 100.909 0.024624 0.999402 -0.0242883 -6.92081 -0.994791 0.0220919 -0.0995146 107.58
-0.0998481 0.0313475 0.994509 101.753 0.0215598 0.999337 -0.0293351 -6.9604 -0.994769 0.0185124 -0.100458 107.499
-0.100766 0.0339912 0.994329 102.588 0.0208656 0.999269 -0.0320455 -6.99702 -0.994691 0.0175182 -0.101401 107.422
-0.101051 0.0347511 0.994274 103.429 0.0224525 0.999215 -0.0326418 -7.03302 -0.994628 0.0190255 -0.101752 107.336
-0.101697 0.0338903 0.994238 104.271 0.0235003 0.999223 -0.0316564 -7.08832 -0.994538 0.0201455 -0.102415 107.256
-0.101947 0.0342841 0.994199 105.101 0.0253445 0.999171 -0.0318567 -7.14695 -0.994467 0.0219498 -0.102731 107.159
-0.102457 0.0371143 0.994045 105.983 0.0265564 0.99905 -0.034564 -7.21432 -0.994383 0.0228569 -0.103345 107.068
-0.103443 0.0388133 0.993878 106.791 0.0255284 0.999013 -0.0363568 -7.25366 -0.994308 0.0216113 -0.104331 106.991
-0.104787 0.0391775 0.993723 107.617 0.0241411 0.99903 -0.0368411 -7.29469 -0.994202 0.020129 -0.105631 106.917
-0.107185 0.0379902 0.993513 108.43 0.0221581 0.999113 -0.0358138 -7.3381 -0.993992 0.0181757 -0.107932 106.839
-0.11066 0.0388296 0.9931 109.228 0.0212996 0.9991 -0.0366908 -7.39086 -0.99363 0.0170924 -0.111387 106.762
-0.113564 0.0420409 0.992641 110.006 0.0228 0.998951 -0.0396997 -7.41562 -0.993269 0.0181237 -0.114404 106.681
-0.117078 0.0432946 0.992179 110.828 0.0206543 0.998939 -0.0411524 -7.4593 -0.992908 0.0156747 -0.117848 106.597
-0.12054 0.0435052 0.991755 111.621 0.0207872 0.998931 -0.0412934 -7.50443 -0.992491 0.0156383 -0.121316 106.509
-0.123317 0.0418419 0.991485 112.391 0.0218307 0.998983 -0.0394431 -7.55506 -0.992127 0.0167808 -0.124105 106.413
-0.125971 0.0427182 0.991114 113.156 0.0232324 0.998925 -0.040102 -7.60134 -0.991762 0.0179742 -0.126828 106.319
-0.128303 0.0471139 0.990615 113.915 0.0181035 0.998816 -0.0451592 -7.65026 -0.99157 0.0121395 -0.129004 106.234
-0.130048 0.0542569 0.990022 114.679 0.0160569 0.998486 -0.0526115 -7.6964 -0.991378 0.00905471 -0.130722 106.145
-0.132553 0.0570174 0.989535 115.433 0.0200357 0.998294 -0.0548383 -7.74666 -0.990973 0.012557 -0.133469 106.032
-0.1356 0.0552801 0.98922 116.21 0.0221917 0.998361 -0.0527489 -7.79672 -0.990515 0.0147997 -0.136605 105.933
-0.138356 0.0473967 0.989248 116.979 0.0208446 0.998772 -0.0449377 -7.85053 -0.990163 0.0144031 -0.139174 105.811
-0.140597 0.0454445 0.989023 117.773 0.0204566 0.998866 -0.0429888 -7.90107 -0.989856 0.0141879 -0.141367 105.711
-0.142207 0.0481466 0.988665 118.53 0.0206538 0.998743 -0.0456666 -7.95861 -0.989621 0.0139256 -0.143023 105.594
-0.14494 0.0516077 0.988094 119.273 0.0172562 0.998619 -0.0496262 -8.00942 -0.98929 0.00985795 -0.14563 105.489
-0.147256 0.0537297 0.987638 120.027 0.0168073 0.998515 -0.0518155 -8.06625 -0.988956 0.00896935 -0.14794 105.378
-0.148797 0.0580047 0.987165 120.747 0.021383 0.998233 -0.055432 -8.11502 -0.988637 0.0128604 -0.149775 105.261
-0.150821 0.0629745 0.986553 121.511 0.0240148 0.997908 -0.060028 -8.15903 -0.988269 0.0146384 -0.152018 105.164
-0.153582 0.0654645 0.985965 122.232 0.0242838 0.997752 -0.0624645 -8.20374 -0.987837 0.0143496 -0.154827 105.052
-0.155706 0.0624546 0.985827 122.949 0.0246203 0.997935 -0.059333 -8.26665 -0.987497 0.0150329 -0.156922 104.929
-0.159783 0.0589274 0.985392 123.706 0.0286117 0.998074 -0.0550464 -8.32355 -0.986737 0.0193983 -0.161161 104.812
-0.16562 0.0573375 0.984521 124.436 0.0310092 0.998118 -0.0529129 -8.37836 -0.985702 0.0217658 -0.167087 104.694
-0.17179 0.0558921 0.983547 125.163 0.0299631 0.998224 -0.0514927 -8.43238 -0.984678 0.0206242 -0.17316 104.57
-0.179955 0.0560675 0.982076 125.892 0.0298056 0.998227 -0.051528 -8.48263 -0.983223 0.0199987 -0.181307 104.436
-0.190896 0.0559096 0.980017 126.608 0.0264731 0.998307 -0.0517964 -8.5448 -0.981253 0.0160563 -0.192053 104.298
-0.202816 0.0566697 0.977576 127.33 0.0269093 0.99827 -0.0522865 -8.59801 -0.978847 0.0157013 -0.20399 104.147
-0.215511 0.05717 0.974826 128.039 0.0285754 0.998226 -0.0522249 -8.64999 -0.976083 0.016601 -0.216763 103.996
-0.227368 0.0564545 0.972171 128.73 0.0308817 0.998234 -0.0507455 -8.70985 -0.973319 0.0184844 -0.22871 103.827
-0.237809 0.0563989 0.969673 129.409 0.0346592 0.99817 -0.0495563 -8.75385 -0.970693 0.0218232 -0.239328 103.635
-0.248602 0.0551886 0.967032 129.998 0.0361903 0.998208 -0.0476641 -8.81369 -0.967929 0.0231478 -0.250154 103.464
-0.257294 0.0551099 0.96476 130.672 0.0413391 0.998086 -0.0459888 -8.87085 -0.965449 0.0280497 -0.25908 103.265
-0.264666 0.0552812 0.962754 131.391 0.0465887 0.997923 -0.044493 -8.91547 -0.963214 0.0330777 -0.266692 103.06
-0.270506 0.0555156 0.961116 132.072 0.0473706 0.997894 -0.0443075 -8.95852 -0.961552 0.0335432 -0.272566 102.851
-0.275002 0.0536624 0.959945 132.756 0.0511693 0.997843 -0.0411222 -8.99452 -0.960081 0.0378111 -0.277154 102.64
-0.276817 0.050948 0.959571 133.438 0.0568732 0.997712 -0.0365662 -9.03122 -0.959238 0.0444518 -0.279081 102.421
-0.277796 0.0493582 0.959371 134.132 0.0630784 0.997461 -0.0330529 -9.07379 -0.958567 0.0513336 -0.280204 102.214
-0.279102 0.0477297 0.959074 134.825 0.0647853 0.997424 -0.0307849 -9.11629 -0.958074 0.0535418 -0.281475 102.019
-0.278772 0.0531303 0.958886 135.479 0.0670879 0.997107 -0.0357439 -9.15138 -0.958011 0.0543652 -0.28153 101.826
-0.27705 0.0564305 0.959197 136.143 0.0675125 0.99695 -0.0391515 -9.18816 -0.958481 0.0539109 -0.280015 101.631
-0.27616 0.0559902 0.95948 136.795 0.0693332 0.996861 -0.038216 -9.23034 -0.958608 0.05597 -0.279175 101.438
-0.274467 0.0544368 0.960054 137.462 0.0690848 0.996933 -0.0367774 -9.26806 -0.959112 0.0562309 -0.277386 101.248
-0.272504 0.0512886 0.960787 138.117 0.0695592 0.997015 -0.0334938 -9.31326 -0.959637 0.0577044 -0.275258 101.055
-0.271185 0.0514403 0.961152 138.768 0.0697038 0.996999 -0.0336922 -9.35734 -0.96 0.0578591 -0.273956 100.872
-0.268311 0.0541489 0.961809 139.411 0.0713271 0.996795 -0.0362208 -9.38761 -0.960688 0.0588846 -0.271313 100.694
-0.263576 0.0563372 0.962992 140.051 0.0737578 0.996548 -0.0381124 -9.41241 -0.961815 0.0609827 -0.266822 100.519
-0.258114 0.0552661 0.964532 140.682 0.0753669 0.996472 -0.0369276 -9.45112 -0.96317 0.0631623 -0.261369 100.351
-0.253474 0.0523809 0.965923 141.319 0.0775616 0.996418 -0.0336811 -9.49924 -0.964228 0.0663813 -0.256629 100.201
-0.248803 0.050863 0.967218 141.96 0.077134 0.996489 -0.0325607 -9.53508 -0.965478 0.0665041 -0.251853 100.049
-0.244415 0.0500572 0.968378 142.575 0.076774 0.996531 -0.0321349 -9.56922 -0.966627 0.0664919 -0.24741 99.8895
-0.240247 0.0482645 0.969511 143.194 0.0775671 0.996524 -0.0303879 -9.60474 -0.967608 0.0679016 -0.243156 99.7358
-0.236284 0.0465786 0.970567 143.819 0.0813948 0.996289 -0.0279975 -9.637 -0.968269 0.0723837 -0.239199 99.5901
-0.232381 0.0449607 0.971585 144.445 0.0838505 0.996138 -0.0260417 -9.66486 -0.969004 0.0754163 -0.235254 99.4447
-0.229243 0.0438359 0.972382 145.059 0.0813885 0.99635 -0.0257288 -9.69645 -0.969961 0.0732425 -0.231974 99.3097
-0.226794 0.0444474 0.972928 145.676 0.0784527 0.996546 -0.0272387 -9.73395 -0.970778 0.0701512 -0.229498 99.1956
-0.222217 0.0477058 0.973829 146.264 0.0796294 0.996354 -0.0306387 -9.7658 -0.97174 0.070737 -0.225205 99.0626
-0.216353 0.0512991 0.974967 146.832 0.0819101 0.996052 -0.034232 -9.78767 -0.972873 0.0724534 -0.219701 98.9351
-0.210021 0.0514299 0.976343 147.395 0.0800701 0.996166 -0.0352502 -9.8265 -0.974413 0.0707726 -0.213334 98.8185
-0.202012 0.049277 0.978143 148.005 0.0758015 0.996524 -0.034548 -9.87038 -0.976445 0.0671656 -0.205045 98.7147
-0.191515 0.0465599 0.980385 148.577 0.0734075 0.996756 -0.0329975 -9.91044 -0.978741 0.0656481 -0.194311 98.6086
-0.178681 0.0462232 0.982821 149.162 0.0760743 0.996555 -0.0330385 -9.92901 -0.980962 0.068864 -0.181582 98.5115
-0.165499 0.0448094 0.985191 149.73 0.0757226 0.996596 -0.0326077 -9.96248 -0.983299 0.0692047 -0.168329 98.4267
-0.150591 0.0448138 0.98758 150.305 0.0742046 0.996666 -0.0339111 -9.99292 -0.985807 0.0681763 -0.153414 98.3589
