1 0 0 0 0 1 0 0 0 0 1 0
0.999998 -0.00103807 -0.00163585 0.00494752 0.00103654 0.999999 -0.000934149 -0.0128316 0.00163682 0.000932452 0.999998 0.581734
0.999998 -0.00178879 -0.000562191 -0.0784345 0.00178695 0.999993 -0.00324925 -0.0136163 0.000568 0.00324824 0.999995 1.13823
0.999996 -0.00166191 -0.00227136 -0.0869499 0.00165178 0.999989 -0.00445212 -0.0291517 0.00227874 0.00444835 0.999988 1.70466
0.999991 -0.00349531 -0.00247383 -0.136807 0.00347894 0.999972 -0.00658925 -0.0406385 0.0024968 0.00658058 0.999975 2.24619
0.999977 -0.00521819 -0.00439927 -0.136058 0.00517938 0.999948 -0.00878811 -0.0535305 0.0044449 0.00876512 0.999952 2.8149
0.999968 -0.00631189 -0.00490772 -0.172007 0.00626177 0.999929 -0.0101635 -0.0555773 0.00497152 0.0101324 0.999936 3.40482
0.999959 -0.00630346 -0.00657209 -0.16981 0.00624073 0.999935 -0.00952221 -0.0751824 0.00663168 0.0094808 0.999933 3.99199
0.99995 -0.00638719 -0.00765413 -0.184024 0.00631061 0.99993 -0.00998759 -0.0941027 0.00771739 0.0099388 0.999921 4.5879
0.999954 -0.00484797 -0.00823615 -0.199178 0.00473857 0.999901 -0.0132509 -0.109319 0.00829957 0.0132112 0.999878 5.18419
0.999948 -0.00262805 -0.00980358 -0.197581 0.00245627 0.999844 -0.0174938 -0.125426 0.00984803 0.0174689 0.999799 5.78829
0.999941 -0.000710382 -0.0107941 -0.214516 0.000479345 0.999771 -0.0213917 -0.142644 0.0108068 0.0213852 0.999713 6.40161
0.999936 0.00154413 -0.0111976 -0.241297 -0.00178423 0.999768 -0.021464 -0.156676 0.0111618 0.0214826 0.999707 7.02318
0.999916 0.00382338 -0.0124216 -0.254158 -0.00400429 0.999886 -0.0145725 -0.173773 0.0123645 0.0146211 0.999817 7.6781
0.999895 0.00500298 -0.0136181 -0.257812 -0.00505847 0.999979 -0.00404365 -0.189741 0.0135976 0.00411211 0.999899 8.33762
0.999879 0.00568718 -0.0144692 -0.274703 -0.00565412 0.999981 0.002325 -0.197791 0.0144821 -0.00224291 0.999893 9.02221
0.999855 0.0078742 -0.0151056 -0.301523 -0.00785919 0.999969 0.00105246 -0.207773 0.0151135 -0.000933585 0.999885 9.70446
0.999813 0.0110333 -0.0159056 -0.311978 -0.0111369 0.999917 -0.00643873 -0.217646 0.0158333 0.00661467 0.999853 10.3882
0.999751 0.0115974 -0.0190419 -0.271684 -0.0118498 0.999843 -0.0131988 -0.211457 0.0188858 0.0134212 0.999732 11.0754
0.999756 0.00914973 -0.0200862 -0.312293 -0.00939155 0.999884 -0.0119779 -0.213315 0.0199743 0.0121637 0.999726 11.8495
0.999759 0.00862158 -0.0202085 -0.339911 -0.0086835 0.999958 -0.00297861 -0.228648 0.020182 0.00315337 0.999791 12.6264
0.999747 0.00879135 -0.0206803 -0.350278 -0.008708 0.999954 0.00411727 -0.239148 0.0207155 -0.00393615 0.999778 13.3898
0.999746 0.00821494 -0.0210031 -0.372447 -0.00809219 0.99995 0.00592282 -0.235463 0.0210507 -0.00575135 0.999762 14.1728
0.999763 0.00548191 -0.0210852 -0.383449 -0.00539203 0.999976 0.0043171 -0.222787 0.0211084 -0.00420238 0.999768 14.9578
0.999776 0.00465399 -0.0206286 -0.403904 -0.00462287 0.999988 0.00155594 -0.220407 0.0206356 -0.00146023 0.999786 15.7796
0.99977 0.00766055 -0.0200331 -0.428492 -0.00770231 0.999968 -0.0020082 -0.229913 0.0200171 0.00216203 0.999797 16.6244
0.999811 0.0043121 -0.0189314 -0.448822 -0.00445867 0.99996 -0.00770712 -0.237751 0.0188974 0.00779007 0.999791 17.4807
0.999833 0.00175609 -0.0181828 -0.466032 -0.00201439 0.999897 -0.0141971 -0.250311 0.018156 0.0142314 0.999734 18.3456
0.999838 0.00283732 -0.0177749 -0.44538 -0.00318491 0.999804 -0.0195577 -0.266954 0.0177159 0.0196111 0.999651 19.1795
0.999845 0.00342457 -0.0172793 -0.47697 -0.0037885 0.999771 -0.0210731 -0.277637 0.0172031 0.0211353 0.999629 20.0946
0.999841 0.00381111 -0.0174018 -0.500052 -0.00416796 0.999781 -0.0205161 -0.307343 0.0173198 0.0205853 0.999638 21.0142
0.999838 0.00465691 -0.0173693 -0.537162 -0.00504585 0.999736 -0.0224162 -0.330799 0.0172603 0.0225003 0.999598 21.989
0.999805 0.00842947 -0.0178754 -0.557951 -0.00885697 0.999673 -0.0239727 -0.370271 0.0176675 0.0241264 0.999553 22.9465
0.999651 0.0122441 -0.0234207 -0.433618 -0.012808 0.999628 -0.0240782 -0.415203 0.0231171 0.0243697 0.999436 23.8112
0.9997 0.0142033 -0.0199498 -0.554469 -0.0146955 0.999586 -0.024747 -0.43993 0.01959 0.0250327 0.999495 24.8241
0.99966 0.0149666 -0.0213312 -0.525547 -0.0154821 0.999587 -0.0242086 -0.48656 0.0209601 0.0245306 0.999479 25.7289
0.999674 0.0151932 -0.0205178 -0.594952 -0.0157092 0.999558 -0.0252289 -0.508494 0.0201255 0.025543 0.999471 26.7795
0.999645 0.0161798 -0.0211569 -0.618266 -0.0166822 0.999578 -0.0237895 -0.54906 0.020763 0.024134 0.999493 27.7667
0.999633 0.0169794 -0.021101 -0.665236 -0.017451 0.999597 -0.0223689 -0.57887 0.0207127 0.0227289 0.999527 28.7844
0.9996 0.0176821 -0.0220574 -0.678085 -0.0181414 0.999619 -0.0208018 -0.619313 0.0216812 0.0211937 0.99954 29.7952
0.99962 0.0174966 -0.0212897 -0.727607 -0.017968 0.999593 -0.0221568 -0.655887 0.0208933 0.0225309 0.999528 30.8282
0.999613 0.0180273 -0.0211975 -0.761844 -0.0185109 0.999568 -0.0228452 -0.694506 0.0207765 0.0232287 0.999514 31.8662
0.9996 0.0177041 -0.0220432 -0.789882 -0.0181836 0.999598 -0.0217467 -0.732488 0.0216493 0.0221388 0.99952 32.9024
0.999608 0.0175683 -0.0217929 -0.834613 -0.0179973 0.999645 -0.0196487 -0.762226 0.0214399 0.0200332 0.999569 33.9461
0.99958 0.0188586 -0.0220081 -0.865282 -0.0192109 0.999689 -0.0159097 -0.796155 0.0217013 0.0163259 0.999631 34.9976
0.999546 0.0198631 -0.0226456 -0.898975 -0.0201872 0.999696 -0.0141743 -0.833676 0.0223572 0.014625 0.999643 36.0565
0.999524 0.0202159 -0.0233187 -0.922311 -0.0205286 0.999701 -0.0132508 -0.872302 0.0230438 0.0137232 0.99964 37.115
0.999528 0.019849 -0.0234653 -0.967566 -0.0202057 0.999682 -0.015061 -0.896596 0.0231589 0.015528 0.999611 38.205
0.999503 0.0208875 -0.0236277 -1.00984 -0.0212659 0.999648 -0.0158781 -0.925439 0.0232878 0.0163726 0.999595 39.2958
0.999488 0.0210028 -0.0241262 -1.04392 -0.021365 0.999661 -0.0148535 -0.954374 0.0238061 0.0153614 0.999599 40.3836
0.999476 0.0216421 -0.0240855 -1.09613 -0.021964 0.999672 -0.0131803 -0.978604 0.0237923 0.0137024 0.999623 41.4496
0.999476 0.0221751 -0.0235868 -1.15558 -0.0224474 0.999684 -0.0113401 -0.985134 0.0233279 0.0118636 0.999657 42.4927
0.999417 0.0235536 -0.0247139 -1.17465 -0.0238368 0.999653 -0.011228 -1.02718 0.0244408 0.0118106 0.999632 43.5581
0.999376 0.0252282 -0.0247024 -1.21704 -0.0256313 0.999541 -0.0161413 -1.04675 0.0242839 0.0167644 0.999565 44.6197
0.999306 0.0264782 -0.0261914 -1.21058 -0.0270076 0.999434 -0.0200693 -1.08078 0.0256452 0.0207627 0.999455 45.6673
0.999301 0.0277463 -0.0250538 -1.27007 -0.0282785 0.999376 -0.0211456 -1.11776 0.0244515 0.0218393 0.999462 46.7596
0.999277 0.0279043 -0.0258414 -1.26543 -0.0283737 0.999436 -0.0179826 -1.16107 0.025325 0.0187028 0.999504 47.8179
0.999251 0.0299413 -0.0245327 -1.33088 -0.0303432 0.999409 -0.0161767 -1.19837 0.0240339 0.016909 0.999568 48.9258
0.999274 0.0291838 -0.0244772 -1.35561 -0.0295547 0.999452 -0.0149323 -1.23792 0.024028 0.0156449 0.999589 50.0058
0.999299 0.0284677 -0.0243049 -1.38507 -0.0288631 0.999454 -0.0160733 -1.26632 0.0238341 0.0167636 0.999575 51.1068
0.999311 0.0286226 -0.0236292 -1.41613 -0.0290447 0.999421 -0.017717 -1.31522 0.0231084 0.0183911 0.999564 52.1871
0.999302 0.0293242 -0.0231502 -1.43281 -0.0297839 0.999361 -0.0197681 -1.35859 0.0225558 0.0204438 0.999537 53.2428
0.999324 0.0284435 -0.0232872 -1.44759 -0.028968 0.999327 -0.0225058 -1.40218 0.0226314 0.0231651 0.999475 54.3146
0.999369 0.0277048 -0.0222409 -1.48889 -0.0282864 0.999254 -0.026275 -1.44276 0.0214964 0.0268875 0.999407 55.3939
0.999412 0.0263775 -0.0218981 -1.51728 -0.0269826 0.999249 -0.0278117 -1.49429 0.0211481 0.0283862 0.999373 56.479
0.99946 0.0249484 -0.0213899 -1.54731 -0.0254985 0.999341 -0.02584 -1.54222 0.0207311 0.0263714 0.999437 57.5536
0.999505 0.0236494 -0.0207335 -1.58657 -0.0240675 0.999507 -0.0201543 -1.58943 0.0202467 0.0206434 0.999582 58.6606
0.999528 0.0224759 -0.0209562 -1.60373 -0.0227775 0.999639 -0.0142676 -1.62602 0.020628 0.0147382 0.999679 59.7517
0.999564 0.0207735 -0.0209622 -1.61379 -0.0210646 0.999683 -0.0137632 -1.66314 0.0206697 0.0141987 0.999686 60.827
0.999633 0.0175298 -0.0206626 -1.63672 -0.0178794 0.999698 -0.0168581 -1.69704 0.0203608 0.0172213 0.999644 61.9116
0.999633 0.0172831 -0.0208704 -1.66632 -0.0177082 0.999636 -0.0203606 -1.73614 0.0205109 0.0207227 0.999575 63.0184
0.999602 0.0192059 -0.020669 -1.69935 -0.0197052 0.999512 -0.0242304 -1.78743 0.0201935 0.0246281 0.999493 64.0872
0.999572 0.0204637 -0.020888 -1.70214 -0.0210591 0.999366 -0.0286942 -1.83427 0.0202876 0.0291218 0.99937 65.131
0.999493 0.0242345 -0.0206355 -1.712 -0.024848 0.999241 -0.0300107 -1.87662 0.0198925 0.0305083 0.999337 66.1841
0.999413 0.0284468 -0.0190918 -1.7588 -0.0289385 0.999243 -0.0259908 -1.92691 0.018338 0.026528 0.99948 67.2991
0.999355 0.0309525 -0.0182298 -1.81507 -0.0313958 0.999205 -0.0245577 -1.9673 0.0174552 0.0251142 0.999532 68.4134
0.999314 0.0313329 -0.0197374 -1.75148 -0.0317802 0.999235 -0.0227716 -2.03294 0.0190088 0.0233833 0.999546 69.3965
0.999391 0.0297753 -0.0181722 -1.85338 -0.0301873 0.999283 -0.0228366 -2.06645 0.0174792 0.0233713 0.999574 70.5911
0.999454 0.0280191 -0.0174949 -1.91752 -0.028405 0.99935 -0.022214 -2.09424 0.0168612 0.0226988 0.9996 71.7254
0.999475 0.0265544 -0.0185808 -1.87919 -0.0269241 0.999439 -0.0199353 -2.13383 0.018041 0.0204251 0.999629 72.7183
0.999472 0.0270591 -0.0180038 -1.95118 -0.0273888 0.999457 -0.01833 -2.19449 0.0174981 0.0188134 0.99967 73.8862
0.999443 0.0277143 -0.0185701 -1.97642 -0.0280759 0.999416 -0.0195028 -2.24383 0.0180188 0.0200133 0.999637 74.9566
0.999447 0.0280056 -0.0179249 -2.04267 -0.0284201 0.999324 -0.0233044 -2.2894 0.0172602 0.023801 0.999568 76.0569
0.999382 0.0292622 -0.0194513 -2.02227 -0.0297513 0.999236 -0.0253485 -2.33701 0.0186947 0.0259116 0.999489 77.0881
0.999295 0.0319722 -0.019672 -2.05592 -0.0324298 0.9992 -0.0234034 -2.39003 0.018908 0.0240248 0.999533 78.1877
0.999241 0.0332722 -0.0202662 -2.07399 -0.0336554 0.999255 -0.0188711 -2.43581 0.0196232 0.0195388 0.999617 79.2606
0.999175 0.035602 -0.0195606 -2.13488 -0.0358866 0.999252 -0.014399 -2.48326 0.0190334 0.0150891 0.999705 80.2694
0.999112 0.0366973 -0.0206861 -2.13088 -0.0369817 0.999224 -0.0135347 -2.52914 0.0201734 0.0142877 0.999694 81.292
0.999151 0.0365147 -0.0190721 -2.24484 -0.0368137 0.999201 -0.0155637 -2.57123 0.0184886 0.0162526 0.999697 82.3794
0.999096 0.0374502 -0.0201399 -2.24642 -0.037781 0.999153 -0.0163029 -2.61214 0.0195123 0.0170491 0.999664 83.4308
0.999167 0.0355602 -0.0200203 -2.29191 -0.0358922 0.99922 -0.0164745 -2.65296 0.0194188 0.0171793 0.999664 84.48
0.999169 0.034942 -0.0209807 -2.30222 -0.0352772 0.999252 -0.0158254 -2.69758 0.0204121 0.0165524 0.999655 85.4899
0.999187 0.0346472 -0.0206244 -2.34244 -0.0349585 0.999277 -0.0149312 -2.72697 0.0200922 0.0156401 0.999676 86.5464
0.999176 0.0345787 -0.0212403 -2.36624 -0.0348349 0.999323 -0.0118098 -2.76751 0.0208175 0.01254 0.999705 87.5403
0.999186 0.034081 -0.0215699 -2.40635 -0.0343239 0.99935 -0.0109904 -2.80173 0.0211813 0.0117218 0.999707 88.4842
0.999148 0.0339868 -0.0234168 -2.44259 -0.034251 0.999353 -0.0109767 -2.83687 0.0230286 0.0117694 0.999666 89.4351
0.99908 0.0335966 -0.0266446 -2.47598 -0.0339186 0.999356 -0.0117275 -2.87193 0.0262334 0.0126204 0.999576 90.3793
0.998969 0.0338771 -0.0302208 -2.50684 -0.0342771 0.99933 -0.012818 -2.8987 0.0297663 0.0138407 0.999461 91.2903
0.998878 0.0340538 -0.0329146 -2.54399 -0.0344792 0.999328 -0.012445 -2.92814 0.0324687 0.0135659 0.999381 92.1731
0.998745 0.0348402 -0.0359814 -2.58671 -0.035248 0.999321 -0.0107609 -2.96428 0.035582 0.0120157 0.999295 93.0547
0.998573 0.0360479 -0.0394047 -2.59968 -0.0364614 0.999287 -0.00982692 -2.98434 0.0390224 0.0112496 0.999175 93.8665
0.998389 0.0378278 -0.0422919 -2.62898 -0.038213 0.999235 -0.00833604 -3.01087 0.0419442 0.00993871 0.999071 94.674
0.99821 0.0400513 -0.044419 -2.68585 -0.0404011 0.999159 -0.00700442 -3.05292 0.0441011 0.00878646 0.998988 95.4613
0.998018 0.0423762 -0.0465284 -2.73237 -0.0427341 0.999064 -0.00672441 -3.07375 0.0461999 0.00869943 0.998894 96.2125
0.997788 0.0448334 -0.0490864 -2.78442 -0.045252 0.998948 -0.00745028 -3.10594 0.0487007 0.00965506 0.998767 96.9512
0.997567 0.0463023 -0.0521105 -2.82186 -0.0469451 0.998835 -0.0111795 -3.13245 0.0515321 0.0135986 0.998579 97.6547
0.997287 0.0491357 -0.0548065 -2.86596 -0.0500095 0.998641 -0.0146859 -3.15825 0.0540104 0.0173869 0.998389 98.3146
0.9971 0.0511571 -0.0563501 -2.93149 -0.0521945 0.998491 -0.0170922 -3.19052 0.0553907 0.0199838 0.998265 98.9726
0.996922 0.053442 -0.0573597 -2.96924 -0.0545411 0.998353 -0.0177693 -3.22054 0.0563156 0.0208431 0.998195 99.5933
0.996828 0.0559902 -0.0565516 -3.00591 -0.0570599 0.998218 -0.0174791 -3.23985 0.0554721 0.0206505 0.998247 100.181
0.996834 0.0596891 -0.0525299 -3.06647 -0.0606196 0.998028 -0.0163026 -3.25767 0.0514532 0.0194353 0.998486 100.746
0.996941 0.0625928 -0.0468022 -3.10125 -0.0633588 0.997877 -0.0150645 -3.28277 0.0457599 0.0179838 0.998791 101.299
0.99718 0.0636976 -0.0396931 -3.11172 -0.0642658 0.997845 -0.0132051 -3.30989 0.0387664 0.0157188 0.999125 101.825
0.997533 0.0635604 -0.0298049 -3.12373 -0.0639099 0.997896 -0.0109223 -3.33493 0.029048 0.0128002 0.999496 102.319
0.997825 0.0634223 -0.017975 -3.1197 -0.0636136 0.997922 -0.0102816 -3.35432 0.0172855 0.0114027 0.999786 102.804
0.997993 0.0631758 -0.0043005 -3.12391 -0.0632189 0.997942 -0.0107479 -3.37079 0.00361264 0.0109982 0.999933 103.257
0.99796 0.0625984 0.01258 -3.13094 -0.0624414 0.99797 -0.012506 -3.38148 -0.0133373 0.011695 0.999843 103.706
0.997653 0.0616109 0.0298852 -3.10525 -0.0611319 0.99799 -0.0166866 -3.38816 -0.0308533 0.0148205 0.999414 104.117
0.996736 0.0624979 0.0510949 -3.05911 -0.0614341 0.997866 -0.0221337 -3.3993 -0.0523692 0.0189225 0.998449 104.545
0.995268 0.0614947 0.0752303 -3.0023 -0.059526 0.99783 -0.0281389 -3.41901 -0.0767974 0.0235276 0.996769 104.94
0.992973 0.0596932 0.102185 -2.93282 -0.0566624 0.99787 -0.0323122 -3.43488 -0.103896 0.0262951 0.99424 105.349
0.989571 0.0577074 0.131978 -2.85976 -0.0535198 0.997951 -0.0350623 -3.44775 -0.133731 0.0276332 0.990632 105.736
0.984843 0.0564912 0.163991 -2.75916 -0.0508821 0.997974 -0.0382087 -3.47096 -0.165817 0.0292853 0.985722 106.139
0.978309 0.0556536 0.199534 -2.64163 -0.0481929 0.997952 -0.0420586 -3.49065 -0.201466 0.0315302 0.978988 106.521
0.969773 0.0531217 0.238156 -2.51514 -0.0437922 0.998058 -0.0442989 -3.51482 -0.240046 0.0325305 0.970216 106.898
0.959106 0.0506192 0.278486 -2.38857 -0.0392203 0.998155 -0.0463555 -3.54952 -0.280318 0.0335375 0.959321 107.247
0.945951 0.0522482 0.320074 -2.23561 -0.0384554 0.998045 -0.0492672 -3.5781 -0.322022 0.0342958 0.946111 107.609
0.929721 0.0544486 0.364218 -2.07499 -0.0383739 0.997949 -0.0512329 -3.60875 -0.366261 0.0336559 0.929903 107.943
0.910528 0.0542018 0.409879 -1.93205 -0.0362835 0.99802 -0.0513746 -3.63268 -0.411852 0.0319062 0.910692 108.239
0.889108 0.052451 0.454683 -1.74454 -0.0325862 0.998145 -0.0514228 -3.66074 -0.456536 0.0309041 0.889168 108.552
0.864837 0.0495002 0.499607 -1.54676 -0.0268745 0.998265 -0.0523858 -3.69877 -0.501334 0.0318784 0.864667 108.849
0.838736 0.0498353 0.542253 -1.33171 -0.023287 0.998175 -0.0557169 -3.72661 -0.54404 0.0341043 0.838366 109.12
0.80979 0.051314 0.584471 -1.10367 -0.0200241 0.998005 -0.0598768 -3.75711 -0.586378 0.0367841 0.809202 109.39
0.777214 0.0556511 0.626771 -0.875401 -0.0189975 0.997703 -0.0650287 -3.787 -0.62895 0.0386341 0.776485 109.643
0.740498 0.0613939 0.669248 -0.633106 -0.0202812 0.997407 -0.0690574 -3.82288 -0.671752 0.0375638 0.739823 109.915
0.698938 0.0655335 0.712174 -0.382428 -0.0208195 0.997235 -0.071332 -3.86428 -0.714879 0.0350295 0.69837 110.183
0.659149 0.0665662 0.749061 -0.0698755 -0.0148716 0.997034 -0.0755161 -3.86995 -0.751866 0.0386366 0.658183 110.401
0.61547 0.0637505 0.785578 0.248223 -0.00790469 0.997173 -0.0747287 -3.90112 -0.78812 0.0397835 0.614234 110.62
0.567591 0.0622901 0.820951 0.563649 -0.00194435 0.997232 -0.0743212 -3.90834 -0.823309 0.0405878 0.566141 110.837
0.518879 0.0618002 0.852611 0.90767 0.00109144 0.997335 -0.0729545 -3.93257 -0.854847 0.0387851 0.517428 111.016
0.468663 0.0596668 0.88136 1.26572 0.0055738 0.997497 -0.0704929 -3.95966 -0.88336 0.0379499 0.467157 111.183
0.416236 0.0559298 0.907535 1.65146 0.0123019 0.997669 -0.0671268 -3.98294 -0.909173 0.039105 0.414578 111.328
0.359854 0.0569534 0.931269 2.01572 0.0118425 0.997776 -0.0655968 -4.01253 -0.932933 0.0346338 0.358379 111.479
0.30402 0.0630872 0.950574 2.4236 0.0142605 0.997392 -0.0707552 -4.01341 -0.952559 0.0350666 0.302327 111.636
0.251793 0.0695313 0.96528 2.82714 0.0201679 0.996822 -0.0770641 -4.013 -0.967571 0.0388719 0.249591 111.723
0.204886 0.0720622 0.976129 3.21977 0.0240406 0.996615 -0.0786206 -4.04482 -0.978491 0.039575 0.20246 111.765
0.16357 0.0706893 0.983996 3.53025 0.0321344 0.996518 -0.0769306 -4.09884 -0.986008 0.0442036 0.160729 111.744
0.128999 0.0714696 0.989066 3.9451 0.0435778 0.996027 -0.0776563 -4.11653 -0.990687 0.0531189 0.125372 111.745
0.0974288 0.0742282 0.992471 4.41509 0.049829 0.9956 -0.0793539 -4.13403 -0.993994 0.0571852 0.0933014 111.785
0.0711254 0.0720931 0.994859 4.85621 0.050056 0.99587 -0.0757451 -4.17005 -0.996211 0.0551861 0.0672229 111.759
0.0484258 0.0680884 0.996503 5.22621 0.0436582 0.996576 -0.070215 -4.20261 -0.997872 0.0469057 0.0452874 111.662
0.0259338 0.0637683 0.997628 5.72551 0.0393925 0.997123 -0.06476 -4.24383 -0.998887 0.0409786 0.0233472 111.634
0.00280045 0.0624809 0.998042 6.25255 0.045858 0.996988 -0.0625436 -4.26767 -0.998944 0.0459434 -7.32267e-05 111.626
-0.0157785 0.0628936 0.997896 6.78353 0.0536149 0.996637 -0.0619666 -4.32466 -0.998437 0.0525243 -0.0190975 111.564
-0.0332871 0.0657113 0.997283 7.34055 0.0590361 0.996223 -0.063671 -4.36749 -0.997701 0.0567563 -0.0370407 111.521
-0.0467232 0.0713287 0.996358 7.91913 0.0610286 0.995788 -0.068426 -4.3963 -0.997042 0.0576092 -0.0508795 111.478
-0.0595569 0.0766206 0.99528 8.52926 0.059244 0.995564 -0.0730973 -4.42424 -0.996465 0.0546109 -0.063832 111.48
-0.0655589 0.0770444 0.99487 9.15324 0.0634445 0.995319 -0.0728984 -4.45315 -0.99583 0.0583399 -0.0701401 111.43
-0.0682986 0.0736567 0.994942 9.78265 0.0690543 0.995228 -0.0689375 -4.51373 -0.995272 0.0639967 -0.073059 111.383
-0.0656471 0.0717779 0.995258 10.3455 0.0710392 0.995215 -0.0670891 -4.55521 -0.995311 0.0662981 -0.070432 111.264
-0.0633562 0.0719257 0.995396 11.0151 0.0701172 0.995256 -0.0674527 -4.59367 -0.995525 0.0655208 -0.0680989 111.216
-0.0624902 0.0720422 0.995442 11.6658 0.0669372 0.995448 -0.0678406 -4.64779 -0.995798 0.0623927 -0.067028 111.172
-0.0607849 0.0731128 0.99547 12.3232 0.065267 0.995471 -0.0691276 -4.70447 -0.996015 0.0607694 -0.0652814 111.096
-0.0601715 0.0738158 0.995455 13.0794 0.0644399 0.995469 -0.0699217 -4.7616 -0.996106 0.0599397 -0.0646555 111.072
-0.0595495 0.0743875 0.99545 13.8005 0.0635889 0.995477 -0.0705855 -4.80686 -0.996198 0.0590962 -0.0640104 111.034
-0.0589738 0.0733221 0.995563 14.5313 0.0619575 0.995645 -0.069658 -4.85581 -0.996335 0.0575746 -0.0632598 110.984
-0.0580635 0.0734053 0.995611 15.3263 0.0614932 0.995662 -0.0698229 -4.91066 -0.996417 0.0571691 -0.0623255 110.935
-0.0598151 0.070951 0.995685 16.0562 0.0615578 0.995834 -0.0672637 -4.96651 -0.99631 0.0572688 -0.0639336 110.9
-0.0595449 0.0695403 0.9958 16.8127 0.0601358 0.996009 -0.065959 -5.02476 -0.996413 0.0559557 -0.0634891 110.828
-0.0605286 0.0679411 0.995852 17.5867 0.0595167 0.996151 -0.0643441 -5.09083 -0.996391 0.0553751 -0.0643392 110.775
-0.0610552 0.0655551 0.995979 18.4193 0.0612939 0.996204 -0.0618125 -5.14902 -0.996251 0.0572735 -0.0648416 110.709
-0.0615769 0.0638298 0.996059 19.2623 0.0632418 0.996197 -0.059929 -5.20834 -0.996097 0.0593023 -0.0653795 110.634
-0.0629453 0.0627405 0.996043 20.0619 0.0607335 0.996413 -0.0589258 -5.27173 -0.996167 0.0567841 -0.0665299 110.566
-0.0646228 0.0675267 0.995622 20.8724 0.0569978 0.996329 -0.063875 -5.33378 -0.996281 0.0526205 -0.0682345 110.53
-0.0655985 0.0730203 0.995171 21.7303 0.059491 0.995831 -0.0691473 -5.38491 -0.996071 0.0546678 -0.0696691 110.485
-0.0657773 0.0745512 0.995045 22.5414 0.0595042 0.995723 -0.0706684 -5.45442 -0.996059 0.054561 -0.0699321 110.405
-0.0674622 0.0724337 0.995089 23.3685 0.0555017 0.996089 -0.0687438 -5.52269 -0.996177 0.0505915 -0.0712186 110.357
-0.0692277 0.0679728 0.995282 24.1968 0.0526141 0.996536 -0.0643988 -5.59756 -0.996212 0.0479077 -0.0725643 110.32
-0.0689165 0.0622168 0.99568 24.9612 0.0502914 0.997001 -0.0588184 -5.66908 -0.996354 0.0460206 -0.0718388 110.232
-0.0703932 0.0571401 0.995881 25.857 0.0473528 0.997424 -0.0538815 -5.72245 -0.996395 0.0433649 -0.0729176 110.213
-0.0697095 0.0554229 0.996027 26.6769 0.0447699 0.997623 -0.0523784 -5.7843 -0.996562 0.0409408 -0.0720251 110.134
-0.0696494 0.0618519 0.995652 27.5527 0.0488684 0.997089 -0.0585227 -5.86453 -0.996374 0.0445799 -0.0724693 110.096
-0.0681549 0.0736882 0.99495 28.358 0.0513095 0.996208 -0.0702666 -5.91531 -0.996354 0.0462614 -0.0716773 110.027
-0.0686601 0.0783645 0.994558 29.2582 0.0520017 0.995836 -0.0748753 -6.00096 -0.996284 0.0465777 -0.0724493 110.001
-0.067833 0.0729058 0.995029 30.06 0.0519523 0.996232 -0.0694522 -6.07589 -0.996343 0.0469829 -0.071365 109.938
-0.0680928 0.0648178 0.995571 30.928 0.0545383 0.996637 -0.061157 -6.15407 -0.996187 0.0501325 -0.0713989 109.898
-0.0675596 0.0620956 0.995781 31.7111 0.0547567 0.996788 -0.0584434 -6.21869 -0.996212 0.0505773 -0.0707427 109.827
-0.067244 0.0621574 0.995799 32.5312 0.0553655 0.996752 -0.0584782 -6.28081 -0.996199 0.0512006 -0.070467 109.77
-0.0686244 0.0625902 0.995677 33.3018 0.0528856 0.996855 -0.0590192 -6.34207 -0.99624 0.0486069 -0.0717187 109.724
-0.0715825 0.062788 0.995456 34.1199 0.0493789 0.997016 -0.0593355 -6.40825 -0.996212 0.0449071 -0.0744693 109.684
-0.0726775 0.0626216 0.995388 34.8862 0.0496256 0.997018 -0.0591008 -6.47184 -0.99612 0.0451015 -0.0755684 109.606
-0.0739622 0.0635007 0.995237 35.657 0.0503352 0.996936 -0.0598684 -6.51912 -0.99599 0.0456675 -0.0769319 109.522
-0.0759004 0.0636264 0.995083 36.4332 0.0488479 0.997001 -0.0600231 -6.57947 -0.995918 0.044052 -0.0787808 109.455
-0.078131 0.0626081 0.994975 37.1947 0.0452493 0.99722 -0.0591961 -6.63561 -0.995916 0.0403969 -0.0807468 109.397
-0.0800921 0.0618361 0.994868 38.0231 0.0469501 0.9972 -0.0582013 -6.70069 -0.995681 0.0420477 -0.0827711 109.333
-0.0816668 0.0616098 0.994754 38.7635 0.0457908 0.997266 -0.0580061 -6.76495 -0.995607 0.0408134 -0.0842646 109.254
-0.083605 0.0630325 0.994503 39.5754 0.0472007 0.997128 -0.0592308 -6.82151 -0.99538 0.0419893 -0.0863401 109.204
-0.0844981 0.0631894 0.994418 40.3548 0.0474053 0.997112 -0.0593324 -6.88203 -0.995295 0.0421272 -0.0872496 109.138
-0.0868826 0.0617523 0.994303 41.104 0.0472425 0.997209 -0.0578048 -6.9487 -0.995098 0.0419511 -0.0895575 109.084
-0.0877215 0.0614883 0.994246 41.8489 0.0484992 0.997173 -0.0573903 -7.00319 -0.994964 0.0431857 -0.0904556 109.006
-0.0897209 0.0610846 0.994092 42.5958 0.0467565 0.997275 -0.0570602 -7.06226 -0.994869 0.0413608 -0.0923325 108.945
-0.090603 0.0600223 0.994077 43.346 0.0456495 0.997383 -0.0560614 -7.11412 -0.99484 0.0402998 -0.0931059 108.875
-0.0914246 0.0590254 0.994061 44.0706 0.0439269 0.997509 -0.0551901 -7.16915 -0.994843 0.0386202 -0.0937897 108.81
-0.0919144 0.0589051 0.994023 44.7995 0.0436046 0.997529 -0.0550809 -7.22627 -0.994812 0.0382812 -0.0942558 108.745
-0.092052 0.0612232 0.99387 45.4955 0.0440899 0.99738 -0.0573558 -7.284 -0.994778 0.03854 -0.0945101 108.681
-0.091694 0.0641567 0.993718 46.1828 0.0443684 0.997195 -0.0602871 -7.33797 -0.994798 0.0385617 -0.0942833 108.612
-0.091752 0.0657349 0.99361 46.8738 0.0421707 0.99718 -0.0620769 -7.39273 -0.994889 0.0362056 -0.0942654 108.544
-0.0920211 0.0663475 0.993544 47.5211 0.0418158 0.997155 -0.0627156 -7.44708 -0.994879 0.0357747 -0.0945337 108.476
-0.091284 0.0668504 0.993579 48.2315 0.0453109 0.99699 -0.062917 -7.49788 -0.994794 0.0392766 -0.0940383 108.403
-0.0908347 0.0657784 0.993691 48.8732 0.0453865 0.997053 -0.0618521 -7.5577 -0.994831 0.0394818 -0.0935525 108.321
-0.0921146 0.0662045 0.993545 49.5931 0.0418545 0.997163 -0.0625651 -7.60827 -0.994868 0.0358212 -0.0946242 108.291
-0.0918351 0.0662418 0.993568 50.2462 0.0393747 0.997246 -0.0628476 -7.66246 -0.994995 0.0333499 -0.0941905 108.228
-0.0918848 0.0650839 0.99364 50.9214 0.0409823 0.997263 -0.0615314 -7.72292 -0.994926 0.0350679 -0.0943006 108.169
-0.0920917 0.0647976 0.99364 51.5684 0.0422071 0.997238 -0.0611204 -7.76459 -0.994856 0.03631 -0.0945722 108.094
-0.096054 0.06426 0.9933 52.235 0.0392028 0.997384 -0.0607333 -7.82104 -0.994604 0.0331064 -0.0983218 108.036
-0.101104 0.0632504 0.992863 52.8815 0.0345718 0.997598 -0.0600315 -7.87493 -0.994275 0.0282556 -0.103048 107.968
-0.106421 0.0681585 0.991982 53.5416 0.040438 0.997119 -0.0641733 -7.91915 -0.993499 0.0332845 -0.108871 107.887
-0.113599 0.0708513 0.990997 54.2391 0.0415968 0.996919 -0.0665064 -7.98009 -0.992656 0.0336672 -0.116196 107.817
-0.121307 0.0718256 0.990013 54.9246 0.0405318 0.996905 -0.0673592 -8.0463 -0.991787 0.0319559 -0.123843 107.745
-0.128264 0.0703969 0.989238 55.5865 0.0360012 0.997151 -0.0662921 -8.10592 -0.991086 0.0271109 -0.130433 107.664
-0.133469 0.0692138 0.988633 56.2356 0.0369415 0.997212 -0.0648272 -8.15504 -0.990364 0.0278691 -0.135654 107.575
-0.138391 0.0700333 0.987898 56.9261 0.035231 0.997213 -0.0657583 -8.20554 -0.989751 0.0257043 -0.140472 107.487
-0.143217 0.0691914 0.98727 57.5745 0.0323862 0.997347 -0.0651996 -8.25705 -0.989161 0.0226362 -0.145078 107.398
-0.14505 0.0654462 0.987257 58.2881 0.0326404 0.997583 -0.0613351 -8.32193 -0.988886 0.0233278 -0.146836 107.29
-0.146555 0.062621 0.987218 58.9887 0.0338369 0.997728 -0.0582645 -8.37784 -0.988624 0.0248655 -0.148341 107.188
-0.148824 0.0600794 0.987037 59.6961 0.0334461 0.997887 -0.0556969 -8.42842 -0.988298 0.0247234 -0.150519 107.094
-0.149774 0.0593255 0.986939 60.4214 0.0320015 0.997966 -0.0551319 -8.4884 -0.988202 0.0233263 -0.151367 106.985
-0.149955 0.0633594 0.986661 61.1356 0.0339947 0.997685 -0.0589007 -8.5409 -0.988108 0.0247087 -0.151762 106.878
-0.149602 0.0678019 0.986419 61.8529 0.0401575 0.99724 -0.0624553 -8.59713 -0.987931 0.0302687 -0.151912 106.767
-0.149311 0.0730962 0.986085 62.5602 0.0477182 0.996635 -0.0666528 -8.64791 -0.987638 0.0371022 -0.152297 106.638
-0.150172 0.0741367 0.985876 63.3038 0.0482574 0.996546 -0.0675883 -8.71077 -0.987482 0.037426 -0.15323 106.532
-0.150821 0.0718262 0.985948 64.0462 0.0457464 0.996796 -0.0656186 -8.77068 -0.987502 0.0352069 -0.153624 106.423
-0.150595 0.0669433 0.986326 64.7851 0.0465157 0.997079 -0.060571 -8.83231 -0.987501 0.036758 -0.153269 106.314
-0.150614 0.065347 0.986431 65.5341 0.0487886 0.997088 -0.0586037 -8.89281 -0.987388 0.0393001 -0.153363 106.195
-0.151117 0.0648465 0.986387 66.1826 0.0496579 0.997084 -0.0579421 -8.94944 -0.987268 0.0402259 -0.153897 106.074
-0.153583 0.0656641 0.985952 66.9474 0.0467 0.997157 -0.0591359 -9.01155 -0.987032 0.0369617 -0.156213 105.965
-0.156245 0.0663841 0.985485 67.6589 0.0450322 0.99718 -0.0600322 -9.06645 -0.986691 0.0349988 -0.158794 105.854
-0.157915 0.0663047 0.985224 68.3947 0.0458374 0.99716 -0.059761 -9.12716 -0.986388 0.0357229 -0.160506 105.729
-0.159704 0.0660004 0.984956 69.1085 0.0453306 0.9972 -0.0594708 -9.18801 -0.986124 0.0351509 -0.162249 105.608
-0.161636 0.066172 0.984629 69.8719 0.0462106 0.997162 -0.0594284 -9.23678 -0.985768 0.0358945 -0.164235 105.494
-0.16337 0.0663832 0.984329 70.5918 0.0441177 0.997227 -0.0599308 -9.29252 -0.985578 0.0336354 -0.165845 105.381
-0.164217 0.0673277 0.984124 71.2705 0.0438702 0.997179 -0.0609004 -9.35187 -0.985448 0.0331728 -0.166708 105.241
-0.164893 0.0674102 0.984005 72.0188 0.0433677 0.997192 -0.0610463 -9.41746 -0.985357 0.0326079 -0.167354 105.121
-0.166883 0.0672771 0.983679 72.7663 0.0409853 0.99728 -0.0612542 -9.48632 -0.985125 0.0300941 -0.169186 105.009
-0.167131 0.0659572 0.983726 73.5734 0.0425185 0.997314 -0.0596445 -9.53827 -0.985017 0.0318581 -0.169487 104.866
-0.168671 0.062799 0.98367 74.2859 0.0377665 0.997647 -0.0572154 -9.60757 -0.984949 0.0274992 -0.170646 104.735
-0.170078 0.061489 0.98351 75.1205 0.0364747 0.99776 -0.0560724 -9.64628 -0.984755 0.0263365 -0.17194 104.604
-0.172414 0.0606748 0.983154 75.851 0.0367021 0.997804 -0.0551425 -9.70604 -0.984341 0.0265765 -0.174262 104.468
-0.173591 0.0621754 0.982853 76.5263 0.040537 0.99761 -0.0559493 -9.73206 -0.983983 0.0301296 -0.175696 104.33
-0.175923 0.0635745 0.982349 77.3839 0.0409454 0.997521 -0.0572237 -9.80626 -0.983552 0.0301557 -0.17809 104.202
-0.177454 0.0677016 0.981798 78.1892 0.0434709 0.997196 -0.0609063 -9.85511 -0.983169 0.0318716 -0.1799 104.064
-0.17798 0.0711243 0.98146 78.9779 0.0446624 0.996941 -0.064147 -9.92702 -0.98302 0.0324174 -0.180612 103.924
-0.1789 0.0747215 0.981026 79.753 0.0454247 0.996676 -0.0676298 -9.99831 -0.982818 0.0324638 -0.1817 103.778
-0.178432 0.0759063 0.98102 80.5499 0.0474061 0.996525 -0.0684836 -10.0634 -0.98281 0.0342868 -0.18141 103.624
-0.176854 0.0762612 0.981278 81.3839 0.0535221 0.996264 -0.0677796 -10.1157 -0.982781 0.0405329 -0.180275 103.467
-0.175926 0.0756961 0.981489 82.2258 0.0584402 0.996084 -0.0663467 -10.1563 -0.982667 0.0456863 -0.179661 103.324
-0.175426 0.0739377 0.981712 83.0551 0.0573142 0.996252 -0.064791 -10.2275 -0.982823 0.0449 -0.179006 103.182
-0.173444 0.0716853 0.982231 83.8868 0.0568922 0.996411 -0.0626741 -10.2884 -0.983199 0.0450109 -0.1769 103.036
-0.171486 0.0691223 0.982759 84.7382 0.0592998 0.996451 -0.0597379 -10.344 -0.9834 0.0480331 -0.174977 102.899
-0.170384 0.0651606 0.983221 85.5595 0.0580083 0.996744 -0.0560044 -10.4133 -0.983669 0.0474927 -0.17361 102.757
-0.168595 0.0651589 0.983529 86.4418 0.0582115 0.996729 -0.0560549 -10.4788 -0.983965 0.0478021 -0.171837 102.623
-0.167059 0.0697161 0.983479 87.3188 0.0593687 0.996398 -0.0605472 -10.5462 -0.984158 0.0482729 -0.170596 102.482
-0.165422 0.0764532 0.983255 88.1986 0.0604133 0.995904 -0.0672728 -10.6102 -0.984371 0.0482732 -0.169363 102.35
-0.164197 0.0805843 0.98313 89.0183 0.0584873 0.995699 -0.0718463 -10.6553 -0.984692 0.0457037 -0.168204 102.222
-0.162778 0.0777731 0.983593 89.8312 0.0561442 0.996003 -0.0694629 -10.7292 -0.985064 0.0439161 -0.166494 102.075
-0.161986 0.0753273 0.983914 90.6924 0.0569845 0.996132 -0.0668811 -10.7995 -0.985146 0.045234 -0.165652 101.948
-0.160979 0.0736942 0.984203 91.5389 0.0588133 0.996153 -0.0649694 -10.8712 -0.985204 0.0474255 -0.164694 101.803
-0.160414 0.0737098 0.984294 92.4098 0.057992 0.996189 -0.0651495 -10.9324 -0.985345 0.0466303 -0.164077 101.669
-0.160438 0.07379 0.984284 93.238 0.0570733 0.996227 -0.0653824 -10.998 -0.985394 0.0456865 -0.164045 101.541
-0.159567 0.0721389 0.984548 94.0953 0.0588972 0.996246 -0.0634505 -11.0687 -0.985429 0.0478625 -0.163217 101.405
-0.157862 0.0714717 0.984871 94.8527 0.0616435 0.996145 -0.0624092 -11.1282 -0.985535 0.0508589 -0.161659 101.262
-0.156967 0.0730182 0.984901 95.7024 0.0644771 0.995893 -0.0635572 -11.1916 -0.985497 0.0535272 -0.16103 101.119
-0.156815 0.0753817 0.984747 96.5454 0.0647499 0.995722 -0.0659108 -11.2559 -0.985503 0.0534264 -0.161025 100.992
-0.155387 0.0773936 0.984817 97.402 0.0619479 0.995728 -0.0684768 -11.3143 -0.985909 0.050367 -0.159517 100.849
-0.155067 0.0733207 0.985179 98.207 0.057688 0.996212 -0.0650617 -11.3724 -0.986218 0.046744 -0.15871 100.732
-0.1548 0.0715337 0.985353 99.0376 0.0537802 0.996506 -0.0638945 -11.4383 -0.986481 0.0431016 -0.158106 100.593
-0.157228 0.0714196 0.984976 99.7707 0.0487859 0.996726 -0.064484 -11.5054 -0.986357 0.0379143 -0.160198 100.484
-0.157986 0.0764007 0.984481 100.647 0.0460237 0.996488 -0.0699468 -11.5817 -0.986368 0.0342588 -0.160947 100.354
-0.15819 0.079767 0.984181 101.493 0.0468701 0.996215 -0.0732088 -11.6449 -0.986296 0.0345478 -0.16133 100.213
-0.158306 0.0793329 0.984198 102.189 0.0459464 0.996279 -0.0729163 -11.7238 -0.98632 0.0336773 -0.161362 100.061
-0.159095 0.0799723 0.984019 103.085 0.0480439 0.99616 -0.0731914 -11.793 -0.986094 0.0356317 -0.162326 99.9483
-0.159533 0.0807684 0.983883 103.934 0.0508099 0.995998 -0.0735243 -11.8871 -0.985884 0.0382614 -0.162999 99.8178
-0.160395 0.0837827 0.983491 104.731 0.0512849 0.995753 -0.0764634 -11.9659 -0.98572 0.0381739 -0.16401 99.6894
-0.16108 0.085697 0.983214 105.57 0.0507095 0.995626 -0.0784711 -12.0404 -0.985638 0.0372182 -0.164721 99.562
-0.161954 0.0878435 0.982881 106.381 0.0507241 0.995454 -0.0806092 -12.0805 -0.985494 0.0368008 -0.165674 99.4365
-0.164099 0.087084 0.982592 107.17 0.04933 0.995574 -0.0799961 -12.1506 -0.98521 0.035344 -0.167668 99.3046
-0.167795 0.0880813 0.981879 107.941 0.0485004 0.995532 -0.0810178 -12.233 -0.984628 0.0340271 -0.171317 99.1747
-0.170991 0.0913008 0.981033 108.746 0.0490316 0.995252 -0.084078 -12.3117 -0.984052 0.033725 -0.174656 99.0485
-0.174611 0.092947 0.980241 109.515 0.0476433 0.995166 -0.0858755 -12.3811 -0.983484 0.0317071 -0.178195 98.928
-0.177154 0.0929065 0.979788 110.228 0.0486142 0.995145 -0.0855728 -12.4582 -0.982982 0.0324721 -0.180811 98.7761
-0.18039 0.0913975 0.97934 110.974 0.0485111 0.995288 -0.0839504 -12.544 -0.982398 0.032365 -0.183974 98.6374
-0.18261 0.092182 0.978854 111.728 0.0505973 0.995157 -0.0842781 -12.6275 -0.981883 0.0341374 -0.18639 98.4869
-0.184014 0.0968362 0.978142 112.485 0.0475398 0.994847 -0.0895466 -12.7002 -0.981773 0.0300228 -0.18767 98.3455
-0.18563 0.103493 0.977155 113.221 0.0441836 0.994311 -0.0969161 -12.7952 -0.981626 0.0251837 -0.189146 98.2035
-0.188655 0.106521 0.976249 113.941 0.0477603 0.993919 -0.0992199 -12.8757 -0.980881 0.0279076 -0.192595 98.0511
-0.191395 0.104909 0.97589 114.74 0.0490958 0.99405 -0.0972322 -12.9632 -0.980284 0.0293023 -0.195407 97.902
-0.194533 0.0965671 0.976131 115.485 0.0475687 0.9949 -0.0889439 -13.0528 -0.979742 0.0291307 -0.198135 97.7441
-0.198101 0.0939213 0.975672 116.227 0.0450904 0.995218 -0.0866478 -13.1456 -0.979144 0.0268284 -0.201388 97.6007
-0.199771 0.0965951 0.97507 116.959 0.0446325 0.994993 -0.0894246 -13.2271 -0.978826 0.0256554 -0.203082 97.4534
-0.202688 0.100304 0.974093 117.708 0.0427242 0.994699 -0.0935356 -13.3032 -0.978311 0.0226588 -0.205899 97.3073
-0.205598 0.10268 0.973235 118.451 0.0423407 0.994483 -0.0959773 -13.3844 -0.97772 0.0214746 -0.208812 97.1625
-0.207335 0.106812 0.972421 119.167 0.0459852 0.993987 -0.0993761 -13.4724 -0.977189 0.0241129 -0.211 96.9961
-0.208757 0.110896 0.97166 119.86 0.0460094 0.993564 -0.10351 -13.5618 -0.976885 0.023097 -0.212516 96.8259
-0.213012 0.111232 0.970697 120.572 0.0435994 0.993591 -0.104287 -13.6766 -0.976076 0.0201073 -0.216497 96.6873
-0.215734 0.109964 0.970241 121.32 0.0448835 0.993705 -0.102644 -13.7463 -0.97542 0.021404 -0.219312 96.5459
-0.21922 0.106472 0.969849 122.036 0.0484406 0.99399 -0.0981729 -13.8385 -0.974472 0.0254586 -0.22306 96.371
-0.224868 0.10491 0.968725 122.776 0.0510352 0.99409 -0.0958103 -13.9267 -0.973052 0.0278944 -0.228893 96.2058
-0.230908 0.103642 0.96744 123.494 0.0496207 0.994271 -0.0946727 -14.0073 -0.97171 0.0261444 -0.234728 96.0306
-0.239136 0.103309 0.965475 124.187 0.048593 0.994351 -0.0943635 -14.0966 -0.969769 0.0243496 -0.242805 95.8416
-0.249325 0.103738 0.962848 124.898 0.0480194 0.994347 -0.0946978 -14.1795 -0.967229 0.0226249 -0.252897 95.6501
-0.26168 0.104787 0.959449 125.597 0.0485685 0.994259 -0.0953419 -14.2572 -0.963932 0.02165 -0.265267 95.467
-0.273436 0.105592 0.956077 126.292 0.0499422 0.994174 -0.0955163 -14.3343 -0.960593 0.021631 -0.277116 95.2486
-0.284566 0.105105 0.952877 126.988 0.0537603 0.994157 -0.0936038 -14.4279 -0.957148 0.0245905 -0.288554 95.0272
-0.296169 0.104602 0.94939 127.671 0.0572058 0.994143 -0.0916871 -14.5185 -0.953421 0.0271558 -0.300418 94.8179
-0.30434 0.104281 0.946838 128.319 0.0611079 0.99408 -0.0898423 -14.601 -0.950602 0.0305167 -0.30891 94.5503
-0.312759 0.105224 0.943986 128.999 0.0679596 0.993777 -0.0882578 -14.6793 -0.947398 0.0365495 -0.317963 94.317
-0.320019 0.104861 0.94159 129.664 0.0729722 0.993632 -0.0858554 -14.768 -0.944597 0.0412346 -0.325633 94.0736
-0.326651 0.10424 0.939379 130.26 0.0729624 0.993715 -0.0848982 -14.8467 -0.942325 0.0408073 -0.332203 93.8473
-0.331241 0.102944 0.937914 130.919 0.0763604 0.993695 -0.082098 -14.9059 -0.940451 0.0444252 -0.337013 93.6081
-0.332937 0.10099 0.937526 131.577 0.0831696 0.993518 -0.077486 -14.9639 -0.939274 0.0521757 -0.339178 93.365
-0.335881 0.10078 0.936497 132.24 0.088895 0.993213 -0.0750009 -15.0174 -0.9377 0.0580586 -0.34256 93.1618
-0.340291 0.0997115 0.935018 132.855 0.0897124 0.993269 -0.0732734 -15.0715 -0.936031 0.0589484 -0.346946 92.9949
-0.337648 0.104137 0.935494 133.487 0.0921574 0.992744 -0.0772473 -15.1484 -0.93675 0.0601303 -0.344795 92.7221
-0.33457 0.107499 0.936219 134.117 0.0914943 0.992484 -0.0812627 -15.2077 -0.937919 0.0584706 -0.341891 92.4614
-0.333525 0.106497 0.936707 134.716 0.0916344 0.992556 -0.0802189 -15.2775 -0.938277 0.0590795 -0.340801 92.2242
-0.328186 0.103743 0.938899 135.282 0.0925497 0.9927 -0.0773381 -15.3504 -0.940069 0.0615136 -0.335391 91.9319
-0.326417 0.101162 0.939797 135.858 0.0950858 0.992727 -0.073834 -15.4088 -0.940431 0.0652607 -0.333662 91.7118
-0.323797 0.101096 0.94071 136.437 0.0956443 0.992679 -0.0737602 -15.4771 -0.94128 0.0660902 -0.331096 91.4719
-0.324321 0.102605 0.940366 137.029 0.0967934 0.992482 -0.0749083 -15.5508 -0.940982 0.0667269 -0.331814 91.3057
-0.320988 0.104731 0.941275 137.654 0.0978324 0.992217 -0.0770371 -15.606 -0.942017 0.0673592 -0.328735 91.1099
-0.315489 0.103543 0.943263 138.279 0.0990056 0.992196 -0.0758008 -15.6768 -0.94375 0.069474 -0.323278 90.9001
-0.309435 0.102006 0.945434 138.915 0.101314 0.992107 -0.0738822 -15.7373 -0.945508 0.072924 -0.317327 90.6976
-0.30557 0.0995098 0.946955 139.525 0.0999934 0.992378 -0.0720164 -15.8043 -0.946904 0.0726833 -0.313192 90.5064
-0.301859 0.0981395 0.948288 140.119 0.0990402 0.992533 -0.071192 -15.8694 -0.948194 0.0724286 -0.309325 90.3148
-0.299141 0.0967081 0.949296 140.736 0.0980053 0.992704 -0.0702469 -15.9322 -0.949163 0.0720223 -0.306436 90.1334
-0.295181 0.094801 0.950726 141.333 0.0996241 0.992695 -0.0680546 -15.9932 -0.950233 0.0746268 -0.30247 89.9405
-0.291614 0.093428 0.951962 141.925 0.100646 0.992691 -0.0665945 -16.0487 -0.951226 0.0763911 -0.298886 89.751
-0.288708 0.0931907 0.952871 142.545 0.100519 0.992702 -0.0666301 -16.0985 -0.952126 0.076545 -0.295968 89.5833
-0.284085 0.0951273 0.954068 143.078 0.0995098 0.992618 -0.0693407 -16.1261 -0.953621 0.0752405 -0.291454 89.4051
-0.280048 0.0989089 0.954877 143.66 0.100214 0.992256 -0.0733898 -16.1775 -0.954741 0.0751392 -0.287792 89.2422
-0.27536 0.101869 0.955929 144.247 0.10003 0.992008 -0.0768995 -16.2398 -0.956123 0.0744469 -0.283349 89.0863
-0.268856 0.103477 0.957606 144.827 0.100251 0.991819 -0.0790273 -16.2875 -0.957949 0.0747537 -0.27703 88.9347
-0.257501 0.0993252 0.961159 145.248 0.0928845 0.992641 -0.077694 -16.3525 -0.961803 0.0692705 -0.264832 88.7099
-0.253238 0.0939488 0.962831 145.8 0.0845938 0.993611 -0.0747028 -16.4705 -0.963698 0.0625319 -0.259568 88.6462
-0.242269 0.0929859 0.965743 146.382 0.0846353 0.993628 -0.0744389 -16.5259 -0.96651 0.0637017 -0.248595 88.5269
-0.231412 0.0912109 0.968571 146.953 0.0808312 0.993955 -0.0742892 -16.5961 -0.969492 0.0610993 -0.237386 88.4267
-0.214586 0.0909865 0.972458 147.502 0.079724 0.993961 -0.0754062 -16.6437 -0.973446 0.0613471 -0.220544 88.2938
-0.202153 0.095106 0.974725 148.061 0.0810842 0.993482 -0.0801196 -16.6411 -0.975992 0.0628384 -0.208547 88.2737
-0.185227 0.0964777 0.977948 148.566 0.0777349 0.993489 -0.0832875 -16.6727 -0.979616 0.0605935 -0.191521 88.2165
-0.165402 0.0966754 0.981476 149.111 0.0723003 0.993695 -0.0856946 -16.7262 -0.983572 0.056787 -0.171349 88.1567
