1 0 0 0 0 1 0 0 0 0 1 0
0.999998 -0.0010176 -0.00188692 0.015156 0.00101579 0.999999 -0.000962962 -0.0149866 0.0018879 0.000961044 0.999998 0.585865
0.999996 -0.00116051 -0.00275187 0.00613023 0.00115355 0.999996 -0.00252963 -0.0290367 0.00275479 0.00252644 0.999993 1.16042
0.999994 -0.00186994 -0.00294509 -0.0617115 0.0018585 0.999991 -0.00388256 -0.045295 0.00295232 0.00387706 0.999988 1.71275
0.999984 -0.00345128 -0.0045669 -0.0730638 0.003426 0.999979 -0.00553226 -0.0623253 0.00458589 0.00551652 0.999974 2.29267
0.99997 -0.00519996 -0.00579448 -0.0838372 0.00514923 0.999949 -0.00873603 -0.0550022 0.00583961 0.00870593 0.999945 2.86523
0.999952 -0.00581944 -0.00788603 -0.0779088 0.00573609 0.999928 -0.0105505 -0.0492634 0.00794686 0.0105048 0.999913 3.47528
0.99994 -0.00541477 -0.0094965 -0.0841938 0.00532209 0.999938 -0.00975787 -0.0705819 0.00954875 0.00970674 0.999907 4.07519
0.999929 -0.00601996 -0.0102441 -0.107733 0.00591289 0.999928 -0.0104506 -0.0800596 0.0103062 0.0103893 0.999893 4.67001
0.999925 -0.00539691 -0.0109809 -0.139919 0.00524953 0.999896 -0.013406 -0.090503 0.0110521 0.0133474 0.99985 5.29025
0.999916 -0.00449055 -0.0121246 -0.159315 0.00427487 0.999833 -0.0177565 -0.0863172 0.0122023 0.0177032 0.999769 5.9105
0.999903 -0.00236924 -0.0136915 -0.161014 0.0020771 0.999771 -0.0213123 -0.112613 0.0137389 0.0212819 0.999679 6.53349
0.999899 -0.000436687 -0.0142321 -0.192602 0.00012644 0.999763 -0.0217928 -0.12089 0.0142382 0.0217888 0.999661 7.17439
0.999872 0.00164777 -0.0159133 -0.190936 -0.00188065 0.999891 -0.0146302 -0.139525 0.0158875 0.0146582 0.999766 7.82811
0.999857 0.00262909 -0.0166936 -0.200125 -0.00269297 0.999989 -0.0038054 -0.163779 0.0166834 0.00384981 0.999853 8.5086
0.999835 0.00455698 -0.017557 -0.211932 -0.00450616 0.999986 0.00293322 -0.187146 0.0175701 -0.00285363 0.999842 9.19631
0.999815 0.00660957 -0.018052 -0.248422 -0.00657732 0.999977 0.00184499 -0.198121 0.0180638 -0.00172592 0.999835 9.88243
0.999781 0.00869239 -0.0190337 -0.261599 -0.00879672 0.999947 -0.0054047 -0.206246 0.0189857 0.00557095 0.999804 10.568
0.999761 0.00805983 -0.0203461 -0.277168 -0.00829071 0.999902 -0.0112891 -0.213677 0.0202531 0.0114551 0.999729 11.2632
0.999751 0.00532277 -0.0216528 -0.284942 -0.00553402 0.999938 -0.00970811 -0.21605 0.0215998 0.00982552 0.999718 11.9904
0.999748 0.00526952 -0.0218247 -0.309538 -0.00528913 0.999986 -0.000840793 -0.227505 0.0218199 0.000956014 0.999761 12.761
0.999749 0.00490414 -0.0218642 -0.349701 -0.00475579 0.999965 0.00683219 -0.242925 0.021897 -0.0067265 0.999738 13.56
0.999736 0.00454816 -0.0225287 -0.371282 -0.00433882 0.999947 0.00933199 -0.256854 0.02257 -0.00923178 0.999703 14.3621
0.999742 0.00243301 -0.0225876 -0.412714 -0.0022484 0.999964 0.00819484 -0.25168 0.0226068 -0.00814194 0.999711 15.1783
0.999752 0.00211159 -0.0221473 -0.433434 -0.00198463 0.999981 0.00575318 -0.257754 0.0221591 -0.0057078 0.999738 16.0146
0.99975 0.00554882 -0.0216444 -0.453011 -0.00550178 0.999982 0.00223221 -0.262458 0.0216564 -0.00211257 0.999763 16.8593
0.999784 0.00208232 -0.0206992 -0.469631 -0.00215567 0.999991 -0.00352225 -0.26497 0.0206917 0.00356611 0.99978 17.7057
0.999798 -0.00141359 -0.0200319 -0.48721 0.00121721 0.999951 -0.0098124 -0.27581 0.0200448 0.00978603 0.999751 18.5681
0.999815 -0.000731701 -0.0192453 -0.495204 0.000433974 0.99988 -0.0154698 -0.283564 0.0192543 0.0154585 0.999695 19.4429
0.999814 0.00111227 -0.019267 -0.513158 -0.00142919 0.999864 -0.0164426 -0.306404 0.0192461 0.0164671 0.999679 20.3511
0.999815 0.000856918 -0.0192075 -0.539265 -0.0011641 0.999872 -0.0159872 -0.327642 0.0191914 0.0160066 0.999688 21.279
0.999811 0.00269502 -0.019268 -0.562813 -0.00302933 0.999845 -0.0173424 -0.357983 0.0192183 0.0173975 0.999664 22.2339
0.999803 0.00527263 -0.0191223 -0.588782 -0.0056403 0.999799 -0.0192246 -0.395258 0.0190171 0.0193286 0.999632 23.1714
0.999774 0.00901735 -0.0192302 -0.616364 -0.0093968 0.999761 -0.0197338 -0.433724 0.0190476 0.0199101 0.99962 24.1293
0.999754 0.0108513 -0.0193421 -0.634164 -0.0112292 0.999746 -0.0195389 -0.469258 0.0191251 0.0197513 0.999622 25.0923
0.999744 0.0115697 -0.019446 -0.673203 -0.01196 0.999727 -0.0200775 -0.494105 0.0192084 0.0203049 0.999609 26.0846
0.99975 0.0115068 -0.0191648 -0.712417 -0.011887 0.999732 -0.0198462 -0.527191 0.0189313 0.0200691 0.999619 27.0782
0.999724 0.0130226 -0.0195571 -0.742592 -0.0133859 0.999738 -0.0185615 -0.564338 0.0193103 0.0188181 0.999636 28.0862
0.999701 0.0137073 -0.0202299 -0.761053 -0.0140438 0.999764 -0.016583 -0.599747 0.0199979 0.0168622 0.999658 29.0994
0.999685 0.0146045 -0.0204047 -0.78961 -0.0149182 0.999772 -0.0153035 -0.635374 0.0201765 0.0156031 0.999675 30.124
0.999678 0.0151608 -0.0203539 -0.824253 -0.0154951 0.999746 -0.016369 -0.667718 0.0201006 0.0166792 0.999659 31.1429
0.999668 0.0146847 -0.0211587 -0.853189 -0.0150488 0.99974 -0.0171545 -0.703835 0.0209013 0.0174672 0.999629 32.1481
0.999658 0.014768 -0.0215717 -0.884599 -0.0151232 0.999751 -0.0163952 -0.734516 0.0213242 0.0167158 0.999633 33.1932
0.999656 0.0136891 -0.0223924 -0.906368 -0.0139965 0.999809 -0.0136274 -0.770029 0.0222016 0.0139361 0.999656 34.2626
0.999645 0.0137005 -0.0228294 -0.938864 -0.0139242 0.999856 -0.009668 -0.798801 0.0226937 0.00998245 0.999693 35.3048
0.999632 0.0135565 -0.0234832 -0.960214 -0.0137303 0.999879 -0.00725703 -0.822547 0.023382 0.00757679 0.999698 36.3654
0.999615 0.0137013 -0.0241161 -0.986216 -0.0138701 0.99988 -0.00684344 -0.850134 0.0240195 0.0071753 0.999686 37.4505
0.999618 0.0129598 -0.0244016 -1.02353 -0.0131695 0.999878 -0.00845221 -0.874196 0.0242891 0.00877034 0.999667 38.5396
0.999594 0.0128534 -0.0254387 -1.04509 -0.0130801 0.999876 -0.00876692 -0.90717 0.0253228 0.0090961 0.999638 39.6444
0.99957 0.0134703 -0.0260629 -1.07632 -0.0136652 0.99988 -0.00731586 -0.939325 0.0259612 0.00766887 0.999634 40.7548
0.999539 0.0137111 -0.0270748 -1.10842 -0.013862 0.999889 -0.00539054 -0.96317 0.0269979 0.00576336 0.999619 41.8582
0.999521 0.0135959 -0.0278096 -1.14366 -0.0136789 0.999903 -0.00279643 -0.991847 0.0277688 0.0031755 0.999609 42.949
0.999481 0.0142234 -0.0289121 -1.18887 -0.014316 0.999893 -0.00299893 -1.02101 0.0288664 0.00341128 0.999577 44.0329
0.999461 0.0148633 -0.0292732 -1.23681 -0.0150669 0.999864 -0.0067479 -1.0493 0.0291689 0.00718532 0.999549 45.14
0.99945 0.0161828 -0.028962 -1.29444 -0.0164985 0.999807 -0.0106972 -1.07774 0.0287833 0.0111692 0.999523 46.2319
0.999444 0.0166461 -0.0288829 -1.33106 -0.0169689 0.999796 -0.0109664 -1.10552 0.0286945 0.0114504 0.999523 47.3281
0.999461 0.0171226 -0.0280244 -1.38025 -0.0173587 0.999816 -0.00820123 -1.13336 0.0278788 0.00868327 0.999574 48.4044
0.999462 0.0173666 -0.0278217 -1.41811 -0.0175472 0.999826 -0.0062596 -1.1599 0.0277082 0.00674442 0.999593 49.4851
0.999471 0.0165031 -0.0280149 -1.44618 -0.0166559 0.999848 -0.00523127 -1.18094 0.0279243 0.00569512 0.999594 50.5758
0.999494 0.0162834 -0.0273261 -1.49431 -0.0164562 0.999846 -0.00610945 -1.21099 0.0272224 0.00655604 0.999608 51.6444
0.999511 0.0161028 -0.0268218 -1.54608 -0.01631 0.999839 -0.00752321 -1.25994 0.0266963 0.00795699 0.999612 52.7824
0.99952 0.0161219 -0.0264544 -1.58055 -0.0163833 0.999819 -0.00969653 -1.28832 0.0262933 0.0101253 0.999603 53.8782
0.999549 0.0145659 -0.026268 -1.61542 -0.0148899 0.999815 -0.0121781 -1.31961 0.0260858 0.0125637 0.999581 54.9625
0.999563 0.0134682 -0.0263174 -1.63679 -0.0138833 0.999781 -0.0156551 -1.34268 0.0261008 0.0160136 0.999531 56.0614
0.999575 0.0120634 -0.0265565 -1.65618 -0.0125304 0.999769 -0.0174886 -1.37876 0.0263393 0.0178139 0.999494 57.2123
0.999589 0.0108548 -0.0265285 -1.66712 -0.0112568 0.999823 -0.0150513 -1.4141 0.0263605 0.0153437 0.999535 58.273
0.999607 0.00970969 -0.0262864 -1.7037 -0.00995469 0.999908 -0.00920568 -1.44603 0.0261946 0.00946373 0.999612 59.351
0.999628 0.00836726 -0.0259709 -1.74211 -0.00845345 0.999959 -0.0032107 -1.47838 0.0259429 0.00342905 0.999658 60.4443
0.999635 0.00698732 -0.0260781 -1.7592 -0.00706225 0.999971 -0.00278219 -1.48874 0.0260579 0.00296534 0.999656 61.4947
0.999653 0.00410812 -0.026019 -1.77893 -0.00426018 0.999974 -0.00579112 -1.50764 0.0259945 0.00589995 0.999645 62.5789
0.999655 0.00297708 -0.02608 -1.8147 -0.00320802 0.999956 -0.00881767 -1.54258 0.0260526 0.00889829 0.999621 63.6551
0.99964 0.00558393 -0.0262357 -1.85204 -0.00591229 0.999905 -0.0124548 -1.59004 0.0261637 0.0126054 0.999578 64.7468
0.999629 0.00615811 -0.0265198 -1.86898 -0.0065936 0.999844 -0.0163653 -1.64154 0.0264149 0.0165341 0.999514 65.8602
0.999622 0.00952028 -0.0258009 -1.90414 -0.00995628 0.999809 -0.0168231 -1.69184 0.0256358 0.0170737 0.999526 66.9814
0.99959 0.0139844 -0.024997 -1.92678 -0.0143107 0.999814 -0.0129214 -1.72982 0.0248116 0.0132738 0.999604 68.058
0.999569 0.0156968 -0.0247968 -1.99384 -0.0159667 0.999815 -0.0107247 -1.76858 0.0246238 0.011116 0.999635 69.2087
0.999564 0.0154913 -0.0251459 -2.00851 -0.0157432 0.999828 -0.00984905 -1.80074 0.0249889 0.0102406 0.999635 70.3163
0.999602 0.0136925 -0.0246494 -2.06085 -0.013918 0.999863 -0.00899763 -1.84007 0.0245228 0.00933712 0.999656 71.4748
0.999613 0.012263 -0.024962 -2.09189 -0.0124527 0.999895 -0.00745618 -1.87933 0.024868 0.00776414 0.999661 72.627
0.999625 0.0103333 -0.025375 -2.12088 -0.0104728 0.999931 -0.00537122 -1.90918 0.0253178 0.00563495 0.999664 73.7665
0.999644 0.00707232 -0.0257306 -2.1712 -0.0071749 0.999967 -0.00389656 -1.92979 0.0257022 0.00407979 0.999661 74.8952
0.999622 0.00653352 -0.0267228 -2.1969 -0.00666653 0.999966 -0.00489121 -1.96315 0.0266899 0.0050675 0.999631 75.9993
0.999617 0.00738823 -0.0266784 -2.25495 -0.00762198 0.999933 -0.00867091 -1.99142 0.0266125 0.00887093 0.999606 77.0938
0.99961 0.00702613 -0.0270151 -2.30638 -0.00732613 0.999912 -0.011022 -2.01621 0.0269353 0.0112157 0.999574 78.177
0.999574 0.00853022 -0.027896 -2.34293 -0.0087898 0.999919 -0.00919575 -2.04827 0.0278153 0.00943704 0.999569 79.2599
0.999561 0.00866194 -0.0283185 -2.39744 -0.00879666 0.999951 -0.004636 -2.08346 0.0282769 0.00488307 0.999588 80.3362
0.99953 0.0093339 -0.0291966 -2.42993 -0.0093577 0.999956 -0.000678649 -2.1056 0.029189 0.000951544 0.999573 81.4127
0.999474 0.0107026 -0.0306087 -2.44865 -0.0107075 0.999943 1.92051e-06 -2.13241 0.030607 0.000325824 0.999531 82.4906
0.999473 0.00962163 -0.0310089 -2.49089 -0.00969628 0.99995 -0.00225777 -2.14888 0.0309857 0.00255726 0.999517 83.5526
0.999456 0.00966023 -0.0315459 -2.52794 -0.0097644 0.999947 -0.00314967 -2.1614 0.0315138 0.00345599 0.999497 84.6348
0.99943 0.0105503 -0.032073 -2.58135 -0.010668 0.999937 -0.00349958 -2.17761 0.0320341 0.00383974 0.999479 85.7771
0.999404 0.010708 -0.0328151 -2.62293 -0.0108354 0.999934 -0.0037062 -2.17551 0.0327733 0.00405956 0.999455 86.9652
0.99938 0.0104663 -0.0336248 -2.6555 -0.0105468 0.999942 -0.00221557 -2.19981 0.0335997 0.00256883 0.999432 87.9905
0.999375 0.00992189 -0.0339251 -2.70866 -0.00989742 0.999951 0.000889391 -2.22837 0.0339322 -0.000553064 0.999424 89.0035
0.99935 0.00979509 -0.0346857 -2.75052 -0.00972852 0.99995 0.00208763 -2.26101 0.0347044 -0.00174883 0.999396 89.9678
0.999277 0.00898625 -0.0369371 -2.7812 -0.00889697 0.999957 0.00258067 -2.28977 0.0369587 -0.00225017 0.999314 90.9109
0.999186 0.00824091 -0.0394872 -2.83316 -0.00818354 0.999965 0.00161418 -2.31131 0.0394992 -0.00128972 0.999219 91.8271
0.999055 0.00899238 -0.0425158 -2.87643 -0.00897974 0.99996 0.000488346 -2.33187 0.0425185 -0.000106104 0.999096 92.7451
0.998935 0.0087758 -0.0452978 -2.93382 -0.00874061 0.999961 0.000974806 -2.35489 0.0453046 -0.000577838 0.998973 93.62
0.998781 0.0106704 -0.0481964 -2.98122 -0.0105812 0.999942 0.00210567 -2.37438 0.0482161 -0.00159313 0.998836 94.4858
0.998618 0.0121946 -0.0511219 -3.03767 -0.0120466 0.999922 0.00320273 -2.38785 0.051157 -0.00258246 0.998687 95.3323
0.998477 0.0129038 -0.0536338 -3.11986 -0.012676 0.999909 0.00458528 -2.39091 0.0536881 -0.00389843 0.99855 96.1638
0.998297 0.0164476 -0.0559617 -3.17442 -0.0161602 0.999854 0.00558347 -2.42419 0.0560454 -0.00466961 0.998417 96.9782
0.998074 0.0193817 -0.0589316 -3.204 -0.0190733 0.999801 0.00579104 -2.43239 0.0590322 -0.00465587 0.998245 97.7345
0.997844 0.0221099 -0.0618013 -3.24579 -0.0218717 0.999751 0.0045283 -2.44582 0.061886 -0.00316684 0.998078 98.4684
0.997664 0.0232478 -0.064235 -3.31108 -0.0232335 0.99973 0.000968396 -2.46908 0.0642401 0.000526272 0.997934 99.1745
0.997411 0.0259994 -0.0670451 -3.3568 -0.0262439 0.999652 -0.00276877 -2.48152 0.0669497 0.00452113 0.997746 99.853
0.997213 0.0277337 -0.0692572 -3.40672 -0.0281641 0.99959 -0.00524543 -2.50321 0.0690833 0.00718138 0.997585 100.495
0.997116 0.0285132 -0.0703388 -3.46402 -0.0290097 0.999561 -0.00604671 -2.5277 0.0701355 0.00806977 0.997505 101.087
0.997145 0.0297755 -0.0693905 -3.52677 -0.030226 0.999528 -0.00545101 -2.54843 0.0691955 0.00753285 0.997575 101.656
0.997251 0.0328208 -0.0664363 -3.59641 -0.0331603 0.999442 -0.00401376 -2.55271 0.0662675 0.00620578 0.997783 102.159
0.997547 0.0349561 -0.0606543 -3.66172 -0.0351802 0.999378 -0.00262963 -2.55962 0.0605246 0.004757 0.998155 102.68
0.997939 0.0362634 -0.0529458 -3.70029 -0.036354 0.999339 -0.000747864 -2.57309 0.0528836 0.00267111 0.998597 103.211
0.998415 0.0363485 -0.0429718 -3.72378 -0.0363205 0.999339 0.00143274 -2.58135 0.0429955 0.000130286 0.999075 103.724
0.998869 0.0358909 -0.0311868 -3.73489 -0.0358275 0.999355 0.00258965 -2.59362 0.0312596 -0.00146938 0.99951 104.205
0.999237 0.0346835 -0.0179804 -3.73302 -0.0346386 0.999396 0.0028048 -2.60981 0.0180668 -0.00217985 0.999834 104.666
0.999409 0.0342604 -0.00295504 -3.72823 -0.0342547 0.999411 0.00196869 -2.62148 0.00302075 -0.0018663 0.999994 105.094
0.999346 0.0329548 0.014888 -3.71172 -0.032939 0.999457 -0.00130651 -2.63193 -0.014923 0.000815262 0.999888 105.515
0.998832 0.0321736 0.0360422 -3.68001 -0.0319719 0.99947 -0.00616001 -2.64228 -0.0362213 0.00500048 0.999331 105.943
0.997745 0.030108 0.0599825 -3.61784 -0.0294924 0.999503 -0.0111233 -2.65222 -0.0602876 0.00932916 0.998137 106.377
0.995852 0.0275327 0.0867224 -3.53692 -0.0264241 0.999554 -0.0139063 -2.66715 -0.0870666 0.011557 0.996135 106.802
0.992875 0.0252417 0.116455 -3.45252 -0.0236021 0.999602 -0.0154371 -2.68515 -0.116798 0.0125785 0.993076 107.264
0.988569 0.023664 0.148901 -3.36775 -0.0212797 0.999619 -0.017586 -2.69626 -0.149261 0.0142164 0.988696 107.644
0.982533 0.0224372 0.184733 -3.26252 -0.0191103 0.999622 -0.01977 -2.71191 -0.185107 0.0158944 0.98259 108.035
0.974556 0.0189962 0.22334 -3.1502 -0.0148051 0.999682 -0.020425 -2.73127 -0.223657 0.0165987 0.974527 108.409
0.964535 0.0160323 0.263468 -3.03275 -0.0108055 0.999715 -0.0212757 -2.75151 -0.263734 0.0176743 0.964433 108.74
0.95216 0.0160216 0.305181 -2.90061 -0.00966695 0.999704 -0.0223224 -2.77152 -0.305448 0.0183043 0.952033 109.077
0.936549 0.0173156 0.350108 -2.75142 -0.00996499 0.999691 -0.0227858 -2.79401 -0.350395 0.0178512 0.936432 109.433
0.918112 0.0165511 0.395975 -2.60019 -0.00876642 0.999731 -0.0214611 -2.81253 -0.396224 0.0162324 0.91801 109.757
0.897215 0.0150837 0.441337 -2.42452 -0.00689018 0.999773 -0.0201622 -2.83313 -0.441541 0.0150489 0.897115 110.073
0.873351 0.0137064 0.486899 -2.22645 -0.00420542 0.999779 -0.020601 -2.85161 -0.487073 0.0159443 0.873216 110.385
0.847585 0.0133944 0.530491 -2.02171 -0.00168265 0.999744 -0.0225543 -2.86775 -0.530657 0.018224 0.847391 110.659
0.819176 0.0152976 0.573338 -1.7995 -0.000544933 0.999665 -0.0258941 -2.88815 -0.573541 0.0208994 0.81891 110.939
0.787583 0.0199465 0.615886 -1.56526 -0.00169681 0.999542 -0.0302019 -2.90594 -0.616207 0.0227415 0.787256 111.218
0.752888 0.0251051 0.65767 -1.31497 -0.00421151 0.999436 -0.03333 -2.92532 -0.658135 0.022324 0.752569 111.475
0.715334 0.0286722 0.698195 -1.03989 -0.0048711 0.999338 -0.0360484 -2.93445 -0.698766 0.0223857 0.715 111.72
0.674246 0.0288821 0.737942 -0.75004 -0.00245617 0.999317 -0.0368678 -2.95179 -0.738503 0.0230455 0.673857 111.968
0.631417 0.0251876 0.775034 -0.447707 0.00444138 0.999338 -0.0360956 -2.95276 -0.775431 0.0262336 0.630888 112.177
0.585841 0.0233951 0.810088 -0.118468 0.00650778 0.999415 -0.0335692 -2.9606 -0.8104 0.0249381 0.585346 112.389
0.538959 0.0209813 0.842071 0.219578 0.00755992 0.999529 -0.0297432 -2.9814 -0.842298 0.0223964 0.538546 112.563
0.491064 0.0175392 0.870947 0.584494 0.0106026 0.999603 -0.0261081 -2.99215 -0.871059 0.022055 0.490683 112.719
0.438639 0.012981 0.898569 0.955664 0.0133636 0.999691 -0.0209653 -3.01274 -0.898564 0.0212043 0.43833 112.869
0.38721 0.0108648 0.921927 1.34148 0.0120991 0.999785 -0.016864 -3.03968 -0.921912 0.0176844 0.386995 112.986
0.333957 0.01953 0.942386 1.75211 0.00628615 0.999717 -0.0229458 -3.02344 -0.942568 0.0135869 0.333739 113.139
0.286164 0.0247007 0.957862 2.18637 0.00506298 0.999615 -0.02729 -3.02994 -0.958167 0.0126591 0.285929 113.222
0.238053 0.025914 0.970906 2.60411 0.0085599 0.999549 -0.0287773 -3.03621 -0.971214 0.0151614 0.237724 113.307
0.19504 0.0249828 0.980477 3.02296 0.0168886 0.999442 -0.0288255 -3.06255 -0.98065 0.022181 0.194509 113.372
0.159948 0.0257831 0.986789 3.47413 0.0259418 0.999204 -0.0303124 -3.0602 -0.986784 0.0304475 0.159152 113.41
0.128736 0.0285859 0.991267 3.95 0.0314785 0.998963 -0.032896 -3.05091 -0.991179 0.0354385 0.127703 113.464
0.10045 0.0263478 0.994593 4.42135 0.0287196 0.999156 -0.0293692 -3.07821 -0.994528 0.0315144 0.0996086 113.502
0.0846463 0.0148458 0.9963 4.8795 0.0355221 0.999208 -0.0179071 -3.09923 -0.995778 0.0369065 0.0840519 113.402
0.0588547 0.0115069 0.9982 5.40453 0.0303269 0.999451 -0.0133094 -3.11046 -0.997806 0.0310556 0.0584734 113.454
0.0377184 0.00886175 0.999249 5.93842 0.0363516 0.999287 -0.0102342 -3.1188 -0.998627 0.0367103 0.0373694 113.429
0.0310036 0.00440851 0.99951 6.50202 0.0419798 0.999102 -0.00570888 -3.19013 -0.998637 0.0421362 0.0307907 113.21
0.0119828 0.00805113 0.999896 7.0673 0.0439941 0.998995 -0.00857111 -3.20849 -0.99896 0.0440922 0.0116165 113.21
-0.00309643 0.0133514 0.999906 7.65557 0.0442505 0.998933 -0.0132014 -3.21784 -0.999016 0.0442054 -0.00368393 113.215
-0.0156078 0.0181483 0.999713 8.30876 0.0432451 0.998912 -0.0174586 -3.21405 -0.998943 0.0429602 -0.0163756 113.253
-0.0212057 0.0176933 0.999619 8.96131 0.0446255 0.998864 -0.0167333 -3.23587 -0.998779 0.0442536 -0.0219712 113.24
-0.0242097 0.014934 0.999595 9.60951 0.0507908 0.998615 -0.0136892 -3.24743 -0.998416 0.0504389 -0.0249347 113.213
-0.0242878 0.0131261 0.999619 10.2041 0.0512019 0.998618 -0.0118689 -3.26859 -0.998393 0.0508941 -0.0249263 113.189
-0.0220259 0.012353 0.999681 10.8822 0.0494657 0.998712 -0.0112511 -3.29046 -0.998533 0.0492021 -0.0226086 113.178
-0.0211458 0.0124811 0.999698 11.5669 0.0453138 0.998906 -0.0115128 -3.31371 -0.998749 0.0450567 -0.0216882 113.182
-0.0204125 0.0140084 0.999694 12.2989 0.0450093 0.998901 -0.0130783 -3.32341 -0.998778 0.0447286 -0.0210205 113.189
-0.0187361 0.0146255 0.999717 13.0447 0.0448011 0.998901 -0.0137739 -3.33864 -0.99882 0.0445304 -0.0193708 113.174
-0.0180519 0.0146975 0.999729 13.8068 0.0437134 0.998947 -0.0138967 -3.35652 -0.998881 0.0434507 -0.0186754 113.173
-0.0163788 0.0132059 0.999779 14.5603 0.0449205 0.998913 -0.0124586 -3.3629 -0.998856 0.0447065 -0.0169542 113.15
-0.0161177 0.0118805 0.9998 15.3391 0.0462248 0.998869 -0.0111243 -3.37955 -0.998801 0.0460363 -0.0166487 113.14
-0.0168942 0.00956508 0.999812 16.1395 0.0453205 0.998934 -0.00879088 -3.40244 -0.99883 0.0451635 -0.0173097 113.137
-0.0182518 0.00811076 0.999801 16.9573 0.0429407 0.999051 -0.00732078 -3.4159 -0.998911 0.0427985 -0.0185828 113.138
-0.0191729 0.00674379 0.999793 17.719 0.0420225 0.999099 -0.00593325 -3.43725 -0.998933 0.0419001 -0.019439 113.116
-0.0211705 0.00438505 0.999766 18.5568 0.043667 0.99904 -0.0034572 -3.45459 -0.998822 0.0435836 -0.0213417 113.121
-0.0223476 0.00180673 0.999749 19.3381 0.0447486 0.998998 -0.000805098 -3.48106 -0.998748 0.0447194 -0.0224061 113.087
-0.0248412 0.00133803 0.999691 20.2174 0.0417355 0.999129 -0.000300196 -3.49433 -0.99882 0.0417152 -0.0248754 113.102
-0.0250968 0.00538655 0.999671 20.9587 0.039344 0.999216 -0.00439637 -3.51357 -0.998911 0.0392207 -0.025289 113.055
-0.0265802 0.00999682 0.999597 21.8124 0.0398768 0.999165 -0.00893214 -3.53237 -0.998851 0.0396233 -0.0269566 113.057
-0.0272571 0.0114911 0.999562 22.6632 0.0403265 0.999133 -0.0103865 -3.5496 -0.998815 0.0400257 -0.0276968 113.039
-0.0292863 0.00951786 0.999526 23.5314 0.0367576 0.999289 -0.0084386 -3.56624 -0.998895 0.0364931 -0.0296153 113.037
-0.0291905 0.00533402 0.99956 24.3743 0.033985 0.999413 -0.00434076 -3.58097 -0.998996 0.0338434 -0.0293546 113.006
-0.0302852 0.000188049 0.999541 25.2396 0.0318096 0.999494 0.000775763 -3.59894 -0.999035 0.0318185 -0.0302759 113.003
-0.0310693 -0.00554603 0.999502 26.1053 0.0277359 0.999595 0.00640871 -3.6132 -0.999132 0.0279212 -0.0309029 113.002
-0.0315206 -0.00686984 0.999479 26.9554 0.0246554 0.999667 0.00764868 -3.62982 -0.999199 0.0248837 -0.0313407 112.989
-0.0306219 -0.000144016 0.999531 27.7826 0.0276583 0.999617 0.000991375 -3.65035 -0.999148 0.0276757 -0.0306062 112.967
-0.0298742 0.0101738 0.999502 28.6269 0.0288785 0.99954 -0.00931098 -3.69082 -0.999136 0.028586 -0.0301543 112.962
-0.0298671 0.0154903 0.999434 29.4611 0.0305362 0.999427 -0.0145776 -3.70622 -0.999087 0.0300835 -0.030323 112.945
-0.0278629 0.0100944 0.999561 30.3003 0.0323611 0.999434 -0.00919105 -3.72593 -0.999088 0.0320908 -0.0281738 112.916
-0.0268376 0.00185762 0.999638 31.1233 0.0348802 0.999391 -0.000920722 -3.75153 -0.999031 0.0348429 -0.026886 112.886
-0.0264447 -0.000872766 0.99965 31.9605 0.0359869 0.999351 0.0018245 -3.76634 -0.999002 0.0360225 -0.0263961 112.867
-0.0266148 -0.000536374 0.999646 32.7801 0.0350397 0.999385 0.00146914 -3.78502 -0.999031 0.0350664 -0.0265797 112.853
-0.0275807 0.000111794 0.99962 33.5568 0.0298956 0.999553 0.000713068 -3.80497 -0.999172 0.0299039 -0.0275717 112.832
-0.0296204 0.000193107 0.999561 34.3694 0.0282348 0.999601 0.000643576 -3.81799 -0.999162 0.0282414 -0.029614 112.814
-0.0320472 0.000114997 0.999486 35.1805 0.0275119 0.999621 0.00076712 -3.82839 -0.999108 0.0275224 -0.0320382 112.803
-0.0337583 0.000155339 0.99943 35.9258 0.0231626 0.999732 0.000626988 -3.85419 -0.999162 0.0231705 -0.0337528 112.768
-0.0359727 0.000422847 0.999353 36.7321 0.0210559 0.999778 0.0003349 -3.87124 -0.999131 0.0210543 -0.0359736 112.745
-0.0378762 -0.000287446 0.999282 37.5325 0.0198621 0.999802 0.00104044 -3.87715 -0.999085 0.0198873 -0.037863 112.726
-0.0391071 -0.00144624 0.999234 38.2785 0.0210635 0.999776 0.00227139 -3.89301 -0.999013 0.0211362 -0.0390679 112.676
-0.0413642 -0.00111386 0.999144 39.0738 0.0221728 0.999752 0.00203248 -3.90445 -0.998898 0.0222379 -0.0413292 112.657
-0.0428764 -0.000568699 0.99908 39.8367 0.0209097 0.99978 0.00146645 -3.92373 -0.998862 0.0209533 -0.0428551 112.621
-0.0438704 -0.000367517 0.999037 40.6108 0.0204191 0.999791 0.00126445 -3.93895 -0.998829 0.0204549 -0.0438537 112.592
-0.0453874 -0.00116875 0.998969 41.3927 0.0222503 0.99975 0.00218059 -3.94582 -0.998722 0.0223263 -0.04535 112.561
-0.046984 -0.00179273 0.998894 42.1713 0.0228986 0.999734 0.0028713 -3.95839 -0.998633 0.0230082 -0.0469304 112.534
-0.0480912 -0.00272806 0.998839 42.8922 0.0203241 0.999787 0.00370919 -3.98191 -0.998636 0.0204789 -0.0480255 112.495
-0.049417 -0.00385171 0.998771 43.6442 0.0190174 0.999808 0.00479665 -3.99714 -0.998597 0.019231 -0.0493343 112.47
-0.0508339 -0.00483505 0.998695 44.385 0.0169371 0.99984 0.00570269 -4.00849 -0.998563 0.0172049 -0.0507439 112.447
-0.0512799 -0.00498286 0.998672 45.097 0.0177759 0.999825 0.00590138 -4.01483 -0.998526 0.018055 -0.0511824 112.413
-0.0512031 -0.00233844 0.998686 45.7968 0.0182119 0.999829 0.00327485 -4.02698 -0.998522 0.0183556 -0.0511518 112.377
-0.0514596 0.000276413 0.998675 46.5195 0.017265 0.999851 0.000612889 -4.04607 -0.998526 0.0172737 -0.0514566 112.352
-0.0514324 0.00185839 0.998675 47.2127 0.0169331 0.999856 -0.000988526 -4.05567 -0.998533 0.0168598 -0.0514564 112.321
-0.0516354 0.00256674 0.998663 47.8987 0.0171774 0.999851 -0.00168164 -4.07252 -0.998518 0.0170676 -0.0516718 112.288
-0.0513551 0.00220483 0.998678 48.5953 0.0180696 0.999836 -0.00127819 -4.08957 -0.998517 0.0179801 -0.0513866 112.253
-0.0514761 0.00168305 0.998673 49.2884 0.0183393 0.999832 -0.000739708 -4.10674 -0.998506 0.0182769 -0.0514983 112.218
-0.0514224 0.00208516 0.998675 49.9681 0.0165822 0.999862 -0.00123381 -4.11694 -0.998539 0.0164967 -0.0514499 112.189
-0.0513916 0.00220352 0.998676 50.645 0.0137175 0.999905 -0.00150034 -4.1358 -0.998584 0.0136222 -0.0514169 112.163
-0.0514604 0.00111524 0.998674 51.3432 0.0156972 0.999877 -0.000307726 -4.14334 -0.998552 0.0156605 -0.0514715 112.135
-0.0522801 0.000422898 0.998632 52.021 0.0158246 0.999875 0.000405021 -4.15611 -0.998507 0.0158241 -0.0522803 112.098
-0.0560631 -6.90395e-05 0.998427 52.7165 0.012437 0.999922 0.000767496 -4.17524 -0.99835 0.0124604 -0.0560579 112.076
-0.0614305 -0.00102875 0.998111 53.3781 0.00749312 0.999971 0.00149184 -4.19818 -0.998083 0.0075706 -0.061421 112.045
-0.0670977 0.00290187 0.997742 54.039 0.0109135 0.999938 -0.00217433 -4.20819 -0.997687 0.0107429 -0.0671252 111.996
-0.0737309 0.00613999 0.997259 54.7107 0.0132644 0.999899 -0.00517555 -4.21561 -0.99719 0.0128464 -0.0738049 111.942
-0.0811061 0.00722854 0.996679 55.4005 0.0109181 0.99992 -0.00636357 -4.24115 -0.996646 0.0103657 -0.0811785 111.885
-0.087368 0.00683725 0.996153 56.0836 0.00714711 0.999955 -0.00623651 -4.2457 -0.99615 0.00657474 -0.087413 111.831
-0.0929411 0.0055647 0.995656 56.7677 0.00677498 0.999965 -0.00495636 -4.26081 -0.995649 0.0062849 -0.0929756 111.768
-0.0968886 0.00595848 0.995277 57.4467 0.0042527 0.999975 -0.00557261 -4.27524 -0.995286 0.0036927 -0.0969116 111.701
-0.100951 0.00546448 0.994876 58.1399 0.00203997 0.999984 -0.00528554 -4.28389 -0.994889 0.00149593 -0.100961 111.643
-0.103648 0.00232344 0.994611 58.8319 0.00235041 0.999995 -0.00209109 -4.29298 -0.994611 0.002121 -0.103653 111.581
-0.105263 -0.000615916 0.994444 59.5423 0.00487484 0.999987 0.00113536 -4.30268 -0.994432 0.00496727 -0.105258 111.507
-0.107403 -0.00338788 0.99421 60.258 0.00432174 0.999983 0.00387442 -4.31686 -0.994206 0.00471284 -0.107386 111.437
-0.108527 -0.00350122 0.994087 60.9816 0.00342697 0.999987 0.00389613 -4.32266 -0.994088 0.00382954 -0.108513 111.367
-0.10886 0.000145948 0.994057 61.72 0.00517416 0.999987 0.000419808 -4.3366 -0.994044 0.00518911 -0.108859 111.29
-0.109322 0.00421522 0.993997 62.4686 0.0103874 0.999941 -0.003098 -4.34897 -0.993952 0.00998639 -0.109359 111.211
-0.109935 0.00925 0.993896 63.1977 0.0176402 0.999817 -0.00735393 -4.36137 -0.993782 0.0167241 -0.110078 111.119
-0.110559 0.0103167 0.993816 63.9481 0.0184007 0.999796 -0.00833175 -4.37482 -0.993699 0.0173658 -0.110726 111.041
-0.110901 0.00802258 0.993799 64.7034 0.0169148 0.999838 -0.00618376 -4.39191 -0.993688 0.0161242 -0.111018 110.968
-0.110877 0.00312031 0.993829 65.4684 0.0160845 0.99987 -0.00134481 -4.40273 -0.993704 0.0158361 -0.110913 110.887
-0.111056 0.00130215 0.993813 66.2147 0.0181301 0.999835 0.000715955 -4.41626 -0.993649 0.0180975 -0.111061 110.803
-0.112211 0.00086694 0.993684 66.9469 0.0175079 0.999846 0.00110475 -4.42668 -0.99353 0.0175213 -0.112209 110.727
-0.114024 0.00154423 0.993477 67.6825 0.0150831 0.999886 0.000176935 -4.44492 -0.993363 0.0150048 -0.114035 110.65
-0.1164 0.0020427 0.9932 68.4366 0.0140731 0.999901 -0.000407151 -4.45292 -0.993103 0.01393 -0.116417 110.574
-0.118679 0.00262479 0.992929 69.1637 0.014986 0.999887 -0.000851991 -4.46486 -0.99282 0.0147789 -0.118705 110.483
-0.120453 0.00270846 0.992715 69.8828 0.0144477 0.999895 -0.000975015 -4.47148 -0.992614 0.014225 -0.12048 110.393
-0.122145 0.00225084 0.99251 70.6111 0.0131022 0.999914 -0.000655194 -4.47813 -0.992426 0.012924 -0.122164 110.297
-0.123398 0.002307 0.992355 71.2482 0.0108572 0.999941 -0.000974563 -4.48822 -0.992298 0.0106539 -0.123416 110.204
-0.124791 0.00424693 0.992174 71.9176 0.00759819 0.999966 -0.00332461 -4.45856 -0.992154 0.00712385 -0.124819 110.126
-0.125319 0.00445306 0.992106 72.5834 0.00663443 0.999971 -0.00365032 -4.48102 -0.992094 0.00612461 -0.125345 110.018
-0.127485 0.00538657 0.991826 73.4531 0.00675191 0.999967 -0.00456292 -4.47505 -0.991818 0.00611502 -0.127517 109.955
-0.128654 0.004255 0.99168 74.247 0.00797934 0.999963 -0.00325535 -4.48155 -0.991657 0.00749414 -0.128683 109.865
-0.129281 0.00251047 0.991605 75.0347 0.00676306 0.999976 -0.00164992 -4.48249 -0.991585 0.00649298 -0.129295 109.767
-0.1308 0.000660257 0.991409 75.7448 0.00401305 0.999992 -0.000136519 -4.48742 -0.991401 0.00396071 -0.130801 109.668
-0.132281 -1.45494e-05 0.991212 76.5361 0.00495633 0.999987 0.00067612 -4.50588 -0.9912 0.00500221 -0.13228 109.557
-0.134025 0.000616788 0.990978 77.3216 0.00470895 0.999989 1.44644e-05 -4.51803 -0.990967 0.0046684 -0.134026 109.446
-0.136189 0.00210045 0.990681 78.1157 0.00412986 0.99999 -0.00155246 -4.52698 -0.990674 0.00387995 -0.136196 109.347
-0.137818 0.00550222 0.990442 78.9336 0.00615849 0.99997 -0.00469821 -4.55467 -0.990438 0.00545213 -0.137847 109.239
-0.139528 0.00925839 0.990175 79.7448 0.00820504 0.999933 -0.00819344 -4.57639 -0.990184 0.00698121 -0.139595 109.152
-0.140811 0.0132332 0.989948 80.5662 0.00934116 0.999884 -0.0120373 -4.59589 -0.989992 0.00755228 -0.140918 109.044
-0.14018 0.0147182 0.990017 81.3966 0.0124491 0.999837 -0.0131015 -4.60713 -0.990048 0.0104882 -0.14034 108.926
-0.139363 0.0141083 0.990141 82.238 0.0163925 0.999794 -0.0119386 -4.62854 -0.990106 0.014567 -0.139565 108.796
-0.138873 0.0123871 0.990233 83.065 0.0173723 0.999798 -0.0100704 -4.64451 -0.990158 0.0158041 -0.13906 108.675
-0.137956 0.0108189 0.990379 83.8803 0.0175245 0.99981 -0.00848082 -4.6644 -0.990283 0.0161859 -0.138119 108.562
-0.136419 0.0084311 0.990615 84.7332 0.0164143 0.999846 -0.00624922 -4.68381 -0.990515 0.0154077 -0.136537 108.456
-0.134851 0.00536761 0.990851 85.5839 0.0174381 0.999843 -0.00304306 -4.70285 -0.990712 0.0168682 -0.134924 108.35
-0.133278 0.00224739 0.991076 86.4181 0.0178384 0.999841 0.000131618 -4.71782 -0.990918 0.0176968 -0.133297 108.24
-0.131773 0.0023824 0.991277 87.267 0.0161989 0.999869 -0.000249696 -4.7277 -0.991148 0.0160247 -0.131794 108.137
-0.130453 0.00649423 0.991433 88.1218 0.0168054 0.999849 -0.0043381 -4.7491 -0.991312 0.0160955 -0.130543 108.032
-0.128877 0.0131032 0.991574 88.9863 0.0180075 0.999779 -0.0108711 -4.76545 -0.991497 0.0164548 -0.129085 107.937
-0.127764 0.0167191 0.991664 89.8498 0.0160933 0.999761 -0.0147822 -4.78489 -0.991674 0.0140706 -0.128002 107.847
-0.126433 0.0142571 0.991873 90.6922 0.0146221 0.999815 -0.0125074 -4.80589 -0.991867 0.0129219 -0.126618 107.757
-0.125472 0.0120988 0.992023 91.5207 0.0147879 0.999837 -0.0103237 -4.81077 -0.991987 0.0133746 -0.12563 107.655
-0.124572 0.0106226 0.992154 92.3945 0.0162276 0.999831 -0.0086673 -4.83467 -0.992078 0.0150206 -0.124724 107.54
-0.124266 0.0105449 0.992193 93.2629 0.0156334 0.99984 -0.00866819 -4.85326 -0.992126 0.0144341 -0.124411 107.442
-0.123752 0.0107077 0.992255 94.1241 0.01499 0.999848 -0.00892011 -4.87598 -0.9922 0.0137701 -0.123894 107.344
-0.123352 0.00889662 0.992323 94.9954 0.0172933 0.999827 -0.00681424 -4.90039 -0.992212 0.01632 -0.123484 107.25
-0.121376 0.00830294 0.992572 95.8956 0.0226114 0.999729 -0.00559779 -4.93318 -0.992349 0.021764 -0.121531 107.126
-0.121171 0.00916647 0.992589 96.756 0.0257933 0.999649 -0.00608292 -4.97801 -0.992296 0.0248651 -0.121365 107.042
-0.12034 0.0111159 0.992671 97.6639 0.0257945 0.999635 -0.00806688 -5.01371 -0.992398 0.0246347 -0.120583 106.927
-0.119645 0.0128083 0.992734 98.5176 0.0230621 0.999683 -0.0101185 -5.03403 -0.992549 0.0216839 -0.119902 106.833
-0.119546 0.00818957 0.992795 99.3853 0.0172259 0.999833 -0.00617339 -5.06195 -0.992679 0.0163638 -0.119667 106.756
-0.119944 0.00602535 0.992762 100.263 0.0117383 0.99992 -0.00465059 -5.08616 -0.992711 0.0110955 -0.120006 106.668
-0.121055 0.00619343 0.992626 101.118 0.00918683 0.999945 -0.00511872 -5.11787 -0.992603 0.00849945 -0.121105 106.578
-0.122476 0.0110118 0.99241 101.955 0.00660491 0.999925 -0.0102801 -5.14351 -0.992449 0.00529572 -0.12254 106.492
-0.123304 0.0136286 0.992275 102.813 0.00633974 0.999896 -0.0129455 -5.17057 -0.992349 0.00469454 -0.123378 106.39
-0.12403 0.013914 0.992181 103.651 0.00618486 0.999893 -0.013249 -5.19662 -0.992259 0.00449323 -0.124103 106.295
-0.12442 0.0131089 0.992143 104.501 0.00785997 0.999894 -0.0122256 -5.23031 -0.992199 0.0062771 -0.12451 106.192
-0.125268 0.0134991 0.992031 105.346 0.00895805 0.999882 -0.0124747 -5.26505 -0.992082 0.00732398 -0.125374 106.093
-0.12567 0.0163018 0.991938 106.196 0.00992639 0.999836 -0.015174 -5.3039 -0.992022 0.00793945 -0.125811 105.985
-0.125669 0.0173592 0.99192 107.029 0.0076721 0.999834 -0.0165257 -5.34187 -0.992043 0.00553334 -0.125782 105.861
-0.126834 0.0176229 0.991767 107.821 0.00499749 0.999841 -0.0171272 -5.37231 -0.991911 0.00278403 -0.126902 105.758
-0.12904 0.0163827 0.991504 108.613 0.00312109 0.999865 -0.0161146 -5.40305 -0.991634 0.00101514 -0.129074 105.663
-0.131747 0.0179589 0.991121 109.402 0.00394952 0.999837 -0.0175918 -5.42813 -0.991275 0.00159677 -0.131797 105.557
-0.135371 0.0201647 0.99059 110.223 0.00212209 0.999796 -0.0200622 -5.46704 -0.990793 -0.00061371 -0.135386 105.458
-0.138854 0.0221452 0.990065 111.085 0.00275543 0.999755 -0.0219755 -5.48684 -0.990309 -0.000323334 -0.138881 105.365
-0.142115 0.0220506 0.989605 111.847 0.00261288 0.999757 -0.0219016 -5.52533 -0.989847 -0.000526821 -0.142138 105.256
-0.145172 0.0206843 0.98919 112.637 0.00355841 0.999786 -0.0203836 -5.55682 -0.9894 0.000560809 -0.145215 105.147
-0.147868 0.0214813 0.988774 113.413 0.00497137 0.999768 -0.0209767 -5.58982 -0.988995 0.00181376 -0.147941 105.04
-0.149998 0.0257746 0.98835 114.208 0.000426737 0.999662 -0.0260048 -5.62334 -0.988686 -0.0034789 -0.149958 104.944
-0.151737 0.0323837 0.98789 114.966 -0.00202759 0.999451 -0.0330741 -5.66776 -0.988419 -0.00702159 -0.151588 104.834
-0.154476 0.0349748 0.987377 115.697 0.00146902 0.99938 -0.0351701 -5.71139 -0.987996 -0.00398245 -0.154431 104.715
-0.157484 0.0330312 0.986969 116.463 0.00287144 0.999452 -0.0329908 -5.74806 -0.987517 -0.00236149 -0.157492 104.593
-0.161072 0.0250509 0.986625 117.225 0.00153389 0.999683 -0.025132 -5.7901 -0.986942 -0.00253469 -0.161059 104.485
-0.163737 0.0225987 0.986245 117.965 -0.000281968 0.999736 -0.0229547 -5.82996 -0.986504 -0.00403661 -0.163687 104.38
-0.164757 0.0252602 0.986011 118.674 -0.000720648 0.999669 -0.0257305 -5.86783 -0.986334 -0.00494986 -0.164684 104.243
-0.167479 0.0282532 0.985471 119.412 -0.00399782 0.999562 -0.0293366 -5.91164 -0.985867 -0.00885301 -0.167293 104.122
-0.170193 0.030763 0.98493 120.156 -0.00517172 0.999471 -0.0321108 -5.94715 -0.985397 -0.0105588 -0.169944 104.001
-0.171971 0.0351843 0.984474 120.898 -0.00113494 0.999354 -0.0359144 -5.98362 -0.985101 -0.00729354 -0.17182 103.864
-0.17396 0.0392274 0.983971 121.592 -0.00129896 0.999196 -0.0400641 -6.02755 -0.984752 -0.0082477 -0.17377 103.738
-0.177382 0.0410566 0.983285 122.28 -0.0031819 0.9991 -0.0422909 -6.07049 -0.984137 -0.0106304 -0.177091 103.628
-0.179492 0.0380422 0.983024 123.03 -0.00235494 0.999233 -0.0390994 -6.1288 -0.983757 -0.00933301 -0.179265 103.495
-0.181865 0.0347884 0.982708 123.777 0.00214375 0.999386 -0.0349821 -6.16814 -0.983321 -0.00425536 -0.181828 103.298
-0.186324 0.0338867 0.981904 124.492 0.00344546 0.999421 -0.0338374 -6.17569 -0.982482 -0.00292162 -0.186333 103.109
-0.192548 0.0322053 0.980759 125.212 0.00118822 0.999468 -0.0325864 -6.21784 -0.981287 -0.0051091 -0.192484 102.965
-0.200859 0.0329564 0.979066 125.951 0.000424845 0.999437 -0.0335549 -6.24714 -0.97962 -0.00632385 -0.200759 102.821
-0.211481 0.0333397 0.976813 126.668 3.32541e-05 0.999418 -0.034104 -6.2849 -0.977382 -0.00717986 -0.211359 102.673
-0.223646 0.0342462 0.974069 127.371 -0.000160951 0.999381 -0.0351731 -6.31936 -0.97467 -0.0080231 -0.223502 102.52
-0.236012 0.0350064 0.971119 128.108 0.000616745 0.999356 -0.0358744 -6.35578 -0.97175 -0.00786784 -0.235881 102.342
-0.247185 0.0352906 0.968325 128.816 0.00460322 0.999368 -0.0352469 -6.39085 -0.968957 -0.00425508 -0.247191 102.152
-0.258394 0.035483 0.965388 129.533 0.00769778 0.999369 -0.0346717 -6.42749 -0.966009 -0.00152761 -0.258504 101.958
-0.26873 0.034914 0.962583 130.215 0.0112937 0.999388 -0.0330961 -6.47444 -0.963149 0.0019772 -0.26896 101.761
-0.277675 0.0350501 0.960036 130.882 0.0155639 0.999367 -0.0319844 -6.51975 -0.960549 0.00606067 -0.278045 101.554
-0.284612 0.0356507 0.95798 131.595 0.0208516 0.999302 -0.0309935 -6.54909 -0.958416 0.0111543 -0.285157 101.323
-0.290796 0.0358727 0.956112 132.267 0.0222002 0.999281 -0.0307403 -6.58039 -0.956528 0.0122867 -0.291383 101.106
-0.295746 0.0337826 0.954669 132.949 0.0250183 0.999306 -0.0276117 -6.61708 -0.954939 0.0157181 -0.296386 100.892
-0.297755 0.0314528 0.954124 133.632 0.031813 0.999229 -0.0230117 -6.64292 -0.954112 0.0235017 -0.298526 100.672
-0.298315 0.0304427 0.953982 134.295 0.038698 0.999055 -0.01978 -6.66688 -0.953683 0.0310166 -0.299211 100.444
-0.298989 0.0292454 0.953808 134.976 0.0419807 0.998966 -0.0174703 -6.69241 -0.953333 0.0348181 -0.299907 100.227
-0.299055 0.035269 0.953584 135.708 0.0457342 0.998698 -0.0225949 -6.71716 -0.953139 0.0368543 -0.300278 100.027
-0.297777 0.0389393 0.953841 136.408 0.0470442 0.998552 -0.026078 -6.74051 -0.953476 0.0371073 -0.299178 99.827
-0.296954 0.0390313 0.954094 137.06 0.0486952 0.998483 -0.0256913 -6.76578 -0.953649 0.0388306 -0.298404 99.6222
-0.294989 0.0374953 0.954765 137.717 0.0501045 0.998462 -0.0237308 -6.79458 -0.954186 0.0408376 -0.296414 99.4164
-0.293052 0.035042 0.955454 138.375 0.0518833 0.998438 -0.0207051 -6.82609 -0.954688 0.0435045 -0.294412 99.2156
-0.291751 0.0354073 0.955839 139.032 0.0524859 0.998402 -0.0209637 -6.86059 -0.955053 0.0440518 -0.293144 99.0251
-0.289201 0.0376355 0.956528 139.671 0.0544134 0.998258 -0.0228258 -6.88561 -0.955721 0.0454467 -0.290745 98.8376
-0.284408 0.0400021 0.957868 140.296 0.0592724 0.997951 -0.024077 -6.89843 -0.956869 0.0499274 -0.286197 98.6517
-0.279193 0.0389497 0.959445 140.941 0.0603886 0.997911 -0.0229385 -6.92872 -0.958334 0.0515352 -0.280962 98.4729
-0.273396 0.037639 0.961165 141.564 0.0619304 0.99785 -0.0214599 -6.95449 -0.959906 0.0536582 -0.275139 98.2927
-0.268716 0.0354045 0.962568 142.187 0.0599761 0.998 -0.0199644 -6.99031 -0.96135 0.0523664 -0.270302 98.1226
-0.264957 0.0344204 0.963646 142.797 0.0598005 0.998026 -0.0192062 -7.01894 -0.962404 0.0525377 -0.266492 97.9602
-0.260724 0.0334153 0.964835 143.434 0.0620157 0.997916 -0.0178028 -7.03741 -0.96342 0.0551933 -0.262253 97.798
-0.257405 0.031312 0.965796 144.03 0.0632855 0.997875 -0.0154852 -7.06942 -0.964229 0.0571349 -0.25884 97.6381
-0.254224 0.0295224 0.966695 144.626 0.0637744 0.99787 -0.013703 -7.09749 -0.96504 0.0581667 -0.255566 97.4852
-0.251815 0.0270447 0.967397 145.214 0.0583736 0.998214 -0.0127115 -7.14483 -0.966013 0.0532695 -0.252944 97.3341
-0.247933 0.0278414 0.968377 145.82 0.0557532 0.99834 -0.0144284 -7.16945 -0.967172 0.0504128 -0.249074 97.1896
-0.243911 0.0310263 0.969301 146.418 0.054774 0.998333 -0.0181725 -7.20078 -0.96825 0.04866 -0.245204 97.0484
-0.239168 0.0335558 0.970398 146.995 0.0551566 0.998258 -0.0209251 -7.23959 -0.96941 0.0485193 -0.240602 96.9206
-0.232664 0.0341055 0.971959 147.585 0.0533929 0.998326 -0.0222498 -7.26602 -0.971091 0.046719 -0.234095 96.7779
-0.224309 0.0326444 0.973971 148.161 0.0496814 0.998522 -0.0220254 -7.28654 -0.973251 0.0434477 -0.2256 96.6551
-0.213551 0.0305509 0.976454 148.737 0.0476583 0.998647 -0.0208223 -7.31503 -0.975769 0.0420895 -0.214718 96.54
-0.201576 0.0290996 0.979041 149.297 0.0487827 0.998616 -0.0196375 -7.3422 -0.978257 0.0438018 -0.202716 96.4352
